64,64
0,0,0.145796 
0,1,0.281149 
0,2,0.424519 
0,3,0.574670 
0,4,0.718107 
0,5,0.852431 
0,6,0.862672 
0,7,0.968138 
0,8,0.972108 
0,9,0.918357 
0,10,0.930834 
0,11,0.856762 
0,12,0.792988 
0,13,0.627098 
0,14,0.346109 
0,15,0.000000 
0,16,-0.245951 
0,17,-0.177459 
0,18,-0.065122 
0,19,-0.213485 
0,20,-0.253573 
0,21,-0.175908 
0,22,-0.168820 
0,23,-0.324103 
0,24,-0.558553 
0,25,-0.519098 
0,26,-0.414997 
0,27,-0.156156 
0,28,0.004415 
0,29,-0.010300 
0,30,0.009976 
0,31,0.000000 
0,32,-0.000071 
0,33,-0.160633 
0,34,-0.358683 
0,35,-0.420170 
0,36,-0.502099 
0,37,-0.423782 
0,38,-0.251479 
0,39,-0.128863 
0,40,0.124101 
0,41,0.237236 
0,42,0.186983 
0,43,0.134931 
0,44,0.068910 
0,45,-0.053739 
0,46,-0.117424 
0,47,0.000000 
0,48,-0.029562 
0,49,-0.139804 
0,50,-0.203921 
0,51,-0.250022 
0,52,-0.260596 
0,53,-0.279484 
0,54,-0.349893 
0,55,-0.288025 
0,56,-0.179956 
0,57,-0.068071 
0,58,-0.016292 
0,59,-0.006437 
0,60,-0.070344 
0,61,-0.116672 
0,62,-0.062520 
0,63,0.062341 
1,0,0.215189 
1,1,0.351471 
1,2,0.496826 
1,3,0.669857 
1,4,0.888237 
1,5,0.985293 
1,6,0.925936 
1,7,1.026908 
1,8,1.119713 
1,9,1.029903 
1,10,0.922040 
1,11,0.835245 
1,12,0.704929 
1,13,0.518531 
1,14,0.284212 
1,15,-0.006786 
1,16,-0.171326 
1,17,-0.103588 
1,18,-0.058126 
1,19,-0.203258 
1,20,-0.151503 
1,21,-0.038423 
1,22,-0.088643 
1,23,-0.257531 
1,24,-0.455664 
1,25,-0.430640 
1,26,-0.298950 
1,27,-0.034343 
1,28,0.052626 
1,29,-0.076756 
1,30,-0.149515 
1,31,-0.170716 
1,32,-0.117190 
1,33,-0.179190 
1,34,-0.301662 
1,35,-0.313119 
1,36,-0.358661 
1,37,-0.290883 
1,38,-0.167729 
1,39,-0.073535 
1,40,0.143754 
1,41,0.273564 
1,42,0.239913 
1,43,0.063198 
1,44,-0.062035 
1,45,-0.157473 
1,46,-0.245566 
1,47,-0.149720 
1,48,-0.204776 
1,49,-0.359336 
1,50,-0.378433 
1,51,-0.455478 
1,52,-0.465572 
1,53,-0.401226 
1,54,-0.356311 
1,55,-0.254502 
1,56,-0.241009 
1,57,-0.131323 
1,58,0.003933 
1,59,0.111023 
1,60,0.099533 
1,61,-0.000096 
1,62,0.068831 
1,63,0.204901 
2,0,0.354414 
2,1,0.453528 
2,2,0.584783 
2,3,0.793946 
2,4,1.067216 
2,5,1.119582 
2,6,1.064820 
2,7,1.223097 
2,8,1.307605 
2,9,1.069125 
2,10,0.858911 
2,11,0.794559 
2,12,0.601326 
2,13,0.411913 
2,14,0.182582 
2,15,-0.086878 
2,16,-0.184670 
2,17,-0.141882 
2,18,-0.082919 
2,19,-0.159721 
2,20,-0.113848 
2,21,-0.072260 
2,22,-0.080839 
2,23,-0.139108 
2,24,-0.293606 
2,25,-0.312699 
2,26,-0.264320 
2,27,-0.092100 
2,28,-0.028163 
2,29,-0.189383 
2,30,-0.295661 
2,31,-0.278333 
2,32,-0.213324 
2,33,-0.241505 
2,34,-0.374016 
2,35,-0.415864 
2,36,-0.405372 
2,37,-0.319405 
2,38,-0.177803 
2,39,-0.069173 
2,40,0.018397 
2,41,0.112311 
2,42,0.223060 
2,43,0.041324 
2,44,-0.122041 
2,45,-0.167412 
2,46,-0.263927 
2,47,-0.189738 
2,48,-0.214881 
2,49,-0.364015 
2,50,-0.406341 
2,51,-0.587108 
2,52,-0.637323 
2,53,-0.544451 
2,54,-0.455484 
2,55,-0.361401 
2,56,-0.349723 
2,57,-0.149742 
2,58,-0.066370 
2,59,0.002387 
2,60,0.104352 
2,61,0.035165 
2,62,0.131388 
2,63,0.376537 
3,0,0.515122 
3,1,0.554186 
3,2,0.716206 
3,3,0.910132 
3,4,1.115729 
3,5,1.174763 
3,6,1.174621 
3,7,1.312131 
3,8,1.277125 
3,9,1.033321 
3,10,0.896601 
3,11,0.805543 
3,12,0.574159 
3,13,0.306480 
3,14,0.045055 
3,15,-0.153854 
3,16,-0.171885 
3,17,-0.099570 
3,18,-0.089984 
3,19,-0.085536 
3,20,-0.044023 
3,21,-0.119116 
3,22,-0.092250 
3,23,-0.075106 
3,24,-0.259691 
3,25,-0.296034 
3,26,-0.311326 
3,27,-0.317172 
3,28,-0.306067 
3,29,-0.336844 
3,30,-0.361635 
3,31,-0.328913 
3,32,-0.260527 
3,33,-0.298403 
3,34,-0.368664 
3,35,-0.445058 
3,36,-0.493108 
3,37,-0.399540 
3,38,-0.199335 
3,39,-0.087243 
3,40,-0.063070 
3,41,-0.015654 
3,42,0.068940 
3,43,-0.015101 
3,44,-0.071662 
3,45,-0.068595 
3,46,-0.155825 
3,47,-0.157857 
3,48,-0.253087 
3,49,-0.385785 
3,50,-0.421155 
3,51,-0.588915 
3,52,-0.665847 
3,53,-0.633209 
3,54,-0.632372 
3,55,-0.549560 
3,56,-0.471393 
3,57,-0.253376 
3,58,-0.202474 
3,59,-0.182090 
3,60,-0.005939 
3,61,0.037708 
3,62,0.138937 
3,63,0.421272 
4,0,0.594161 
4,1,0.643670 
4,2,0.845148 
4,3,0.995584 
4,4,1.162600 
4,5,1.239484 
4,6,1.189745 
4,7,1.226255 
4,8,1.152091 
4,9,1.011445 
4,10,0.861488 
4,11,0.644802 
4,12,0.456244 
4,13,0.173266 
4,14,-0.065149 
4,15,-0.145672 
4,16,-0.103733 
4,17,-0.022370 
4,18,-0.108020 
4,19,-0.066241 
4,20,0.025502 
4,21,-0.108519 
4,22,-0.171376 
4,23,-0.207464 
4,24,-0.424214 
4,25,-0.461521 
4,26,-0.433869 
4,27,-0.513530 
4,28,-0.627959 
4,29,-0.593552 
4,30,-0.512621 
4,31,-0.452869 
4,32,-0.292790 
4,33,-0.245491 
4,34,-0.278454 
4,35,-0.415256 
4,36,-0.446254 
4,37,-0.288861 
4,38,-0.168534 
4,39,-0.156739 
4,40,-0.138150 
4,41,-0.113274 
4,42,-0.074185 
4,43,-0.071377 
4,44,-0.136385 
4,45,-0.197381 
4,46,-0.208300 
4,47,-0.213155 
4,48,-0.298914 
4,49,-0.320185 
4,50,-0.370205 
4,51,-0.552017 
4,52,-0.680490 
4,53,-0.762261 
4,54,-0.838320 
4,55,-0.741045 
4,56,-0.647813 
4,57,-0.457067 
4,58,-0.291872 
4,59,-0.193216 
4,60,-0.063212 
4,61,-0.026558 
4,62,0.157793 
4,63,0.414108 
5,0,0.643760 
5,1,0.819690 
5,2,1.022253 
5,3,1.110165 
5,4,1.158894 
5,5,1.183487 
5,6,1.106950 
5,7,1.111175 
5,8,1.098001 
5,9,0.941325 
5,10,0.742386 
5,11,0.590540 
5,12,0.380490 
5,13,0.120913 
5,14,-0.010034 
5,15,-0.099642 
5,16,-0.145074 
5,17,-0.074924 
5,18,-0.074810 
5,19,-0.144724 
5,20,-0.172512 
5,21,-0.261030 
5,22,-0.318205 
5,23,-0.425064 
5,24,-0.623149 
5,25,-0.603949 
5,26,-0.605689 
5,27,-0.671419 
5,28,-0.704989 
5,29,-0.707703 
5,30,-0.713372 
5,31,-0.719323 
5,32,-0.491329 
5,33,-0.318344 
5,34,-0.305480 
5,35,-0.408048 
5,36,-0.398928 
5,37,-0.203277 
5,38,-0.199469 
5,39,-0.227063 
5,40,-0.168602 
5,41,-0.204837 
5,42,-0.195019 
5,43,-0.156770 
5,44,-0.288971 
5,45,-0.363348 
5,46,-0.312351 
5,47,-0.274851 
5,48,-0.243800 
5,49,-0.213533 
5,50,-0.309840 
5,51,-0.455551 
5,52,-0.610984 
5,53,-0.768334 
5,54,-0.861388 
5,55,-0.850799 
5,56,-0.791162 
5,57,-0.619690 
5,58,-0.382748 
5,59,-0.253255 
5,60,-0.147733 
5,61,-0.116672 
5,62,0.053636 
5,63,0.367858 
6,0,0.618629 
6,1,0.848374 
6,2,1.101167 
6,3,1.186654 
6,4,1.133625 
6,5,1.163050 
6,6,1.064649 
6,7,1.016414 
6,8,1.059922 
6,9,0.869251 
6,10,0.625957 
6,11,0.548385 
6,12,0.329721 
6,13,0.132678 
6,14,0.066954 
6,15,-0.109330 
6,16,-0.189890 
6,17,-0.056619 
6,18,0.073881 
6,19,-0.056960 
6,20,-0.228786 
6,21,-0.311345 
6,22,-0.402959 
6,23,-0.607499 
6,24,-0.811858 
6,25,-0.764798 
6,26,-0.781265 
6,27,-0.814618 
6,28,-0.814211 
6,29,-0.916987 
6,30,-0.868536 
6,31,-0.808733 
6,32,-0.683623 
6,33,-0.547788 
6,34,-0.441781 
6,35,-0.433658 
6,36,-0.459561 
6,37,-0.317861 
6,38,-0.351952 
6,39,-0.334345 
6,40,-0.200775 
6,41,-0.258204 
6,42,-0.315839 
6,43,-0.301170 
6,44,-0.404710 
6,45,-0.383827 
6,46,-0.309053 
6,47,-0.272577 
6,48,-0.232712 
6,49,-0.268401 
6,50,-0.353224 
6,51,-0.388180 
6,52,-0.520570 
6,53,-0.685531 
6,54,-0.752051 
6,55,-0.815260 
6,56,-0.738874 
6,57,-0.553908 
6,58,-0.384010 
6,59,-0.349416 
6,60,-0.247608 
6,61,-0.194080 
6,62,-0.128463 
6,63,0.369470 
7,0,0.650257 
7,1,0.806705 
7,2,1.008717 
7,3,1.090118 
7,4,1.056328 
7,5,1.106341 
7,6,0.998348 
7,7,0.948233 
7,8,0.916516 
7,9,0.743661 
7,10,0.541944 
7,11,0.393747 
7,12,0.274109 
7,13,0.114967 
7,14,-0.000529 
7,15,-0.129609 
7,16,-0.136313 
7,17,-0.068120 
7,18,0.022736 
7,19,-0.028848 
7,20,-0.208685 
7,21,-0.364078 
7,22,-0.522974 
7,23,-0.722438 
7,24,-0.920950 
7,25,-0.933016 
7,26,-0.976251 
7,27,-0.982943 
7,28,-1.010894 
7,29,-1.119340 
7,30,-1.001907 
7,31,-0.819800 
7,32,-0.744890 
7,33,-0.695418 
7,34,-0.583495 
7,35,-0.552734 
7,36,-0.515067 
7,37,-0.429770 
7,38,-0.508243 
7,39,-0.473640 
7,40,-0.340108 
7,41,-0.301957 
7,42,-0.308834 
7,43,-0.406108 
7,44,-0.474649 
7,45,-0.398593 
7,46,-0.329679 
7,47,-0.347313 
7,48,-0.295872 
7,49,-0.271892 
7,50,-0.394939 
7,51,-0.403618 
7,52,-0.372018 
7,53,-0.435751 
7,54,-0.527569 
7,55,-0.557487 
7,56,-0.524336 
7,57,-0.412672 
7,58,-0.323477 
7,59,-0.348363 
7,60,-0.232532 
7,61,-0.165569 
7,62,-0.076491 
7,63,0.430220 
8,0,0.750797 
8,1,0.845521 
8,2,0.881542 
8,3,0.874706 
8,4,0.829115 
8,5,0.854672 
8,6,0.815585 
8,7,0.838305 
8,8,0.760910 
8,9,0.629569 
8,10,0.439881 
8,11,0.200069 
8,12,0.148570 
8,13,-0.014603 
8,14,-0.087684 
8,15,-0.062493 
8,16,-0.059966 
8,17,-0.140753 
8,18,-0.120235 
8,19,-0.122680 
8,20,-0.267217 
8,21,-0.417820 
8,22,-0.580802 
8,23,-0.748043 
8,24,-0.927379 
8,25,-0.995665 
8,26,-1.138482 
8,27,-1.164724 
8,28,-1.087117 
8,29,-1.042311 
8,30,-0.978006 
8,31,-0.819108 
8,32,-0.717409 
8,33,-0.699267 
8,34,-0.547921 
8,35,-0.470184 
8,36,-0.376985 
8,37,-0.328425 
8,38,-0.462342 
8,39,-0.434314 
8,40,-0.358544 
8,41,-0.284954 
8,42,-0.221504 
8,43,-0.399170 
8,44,-0.553809 
8,45,-0.567388 
8,46,-0.452194 
8,47,-0.453773 
8,48,-0.428500 
8,49,-0.369485 
8,50,-0.444125 
8,51,-0.346645 
8,52,-0.258625 
8,53,-0.308722 
8,54,-0.313481 
8,55,-0.216547 
8,56,-0.209407 
8,57,-0.154058 
8,58,-0.133847 
8,59,-0.204075 
8,60,-0.111643 
8,61,-0.077008 
8,62,0.026407 
8,63,0.432570 
9,0,0.734958 
9,1,0.811362 
9,2,0.778157 
9,3,0.825633 
9,4,0.805724 
9,5,0.766023 
9,6,0.709968 
9,7,0.672107 
9,8,0.618343 
9,9,0.510984 
9,10,0.299092 
9,11,0.098636 
9,12,0.057646 
9,13,-0.038796 
9,14,-0.084808 
9,15,-0.015474 
9,16,-0.008452 
9,17,-0.154624 
9,18,-0.159684 
9,19,-0.211717 
9,20,-0.321757 
9,21,-0.456339 
9,22,-0.665374 
9,23,-0.842161 
9,24,-1.000941 
9,25,-1.039293 
9,26,-1.177220 
9,27,-1.259763 
9,28,-1.132587 
9,29,-0.886756 
9,30,-0.716034 
9,31,-0.613693 
9,32,-0.553131 
9,33,-0.576470 
9,34,-0.515516 
9,35,-0.377487 
9,36,-0.219812 
9,37,-0.248225 
9,38,-0.401308 
9,39,-0.377656 
9,40,-0.380030 
9,41,-0.379374 
9,42,-0.287958 
9,43,-0.397768 
9,44,-0.622701 
9,45,-0.746505 
9,46,-0.647466 
9,47,-0.591304 
9,48,-0.552959 
9,49,-0.526350 
9,50,-0.489455 
9,51,-0.357785 
9,52,-0.307154 
9,53,-0.210076 
9,54,-0.157426 
9,55,-0.128202 
9,56,-0.053556 
9,57,0.045029 
9,58,0.027172 
9,59,-0.079756 
9,60,-0.054836 
9,61,0.043250 
9,62,0.102209 
9,63,0.366620 
10,0,0.632896 
10,1,0.699735 
10,2,0.666491 
10,3,0.831239 
10,4,0.865447 
10,5,0.775530 
10,6,0.754898 
10,7,0.726006 
10,8,0.678429 
10,9,0.574676 
10,10,0.378762 
10,11,0.265636 
10,12,0.168071 
10,13,0.033008 
10,14,-0.075110 
10,15,-0.018721 
10,16,0.101944 
10,17,-0.004044 
10,18,-0.072934 
10,19,-0.237223 
10,20,-0.408732 
10,21,-0.618773 
10,22,-0.797698 
10,23,-0.902284 
10,24,-1.119505 
10,25,-1.168976 
10,26,-1.172540 
10,27,-1.209574 
10,28,-1.121467 
10,29,-0.795546 
10,30,-0.525759 
10,31,-0.474943 
10,32,-0.445285 
10,33,-0.474204 
10,34,-0.506383 
10,35,-0.327471 
10,36,-0.132624 
10,37,-0.259623 
10,38,-0.432492 
10,39,-0.421310 
10,40,-0.405148 
10,41,-0.362982 
10,42,-0.307932 
10,43,-0.402448 
10,44,-0.533437 
10,45,-0.607040 
10,46,-0.620180 
10,47,-0.615930 
10,48,-0.528557 
10,49,-0.520014 
10,50,-0.467462 
10,51,-0.376116 
10,52,-0.353297 
10,53,-0.128391 
10,54,0.044254 
10,55,0.102514 
10,56,0.131258 
10,57,0.164492 
10,58,0.157510 
10,59,0.060521 
10,60,-0.028713 
10,61,0.069998 
10,62,0.208073 
10,63,0.374752 
11,0,0.541661 
11,1,0.656895 
11,2,0.741803 
11,3,0.802254 
11,4,0.802230 
11,5,0.730767 
11,6,0.704016 
11,7,0.738747 
11,8,0.725569 
11,9,0.686822 
11,10,0.580861 
11,11,0.466111 
11,12,0.327651 
11,13,0.102162 
11,14,-0.093959 
11,15,-0.044484 
11,16,0.104636 
11,17,0.068795 
11,18,-0.009042 
11,19,-0.202708 
11,20,-0.453596 
11,21,-0.716560 
11,22,-0.817890 
11,23,-0.898271 
11,24,-1.149683 
11,25,-1.198368 
11,26,-1.138807 
11,27,-1.112073 
11,28,-1.006057 
11,29,-0.703302 
11,30,-0.436189 
11,31,-0.421883 
11,32,-0.426899 
11,33,-0.456938 
11,34,-0.428283 
11,35,-0.237512 
11,36,-0.073436 
11,37,-0.162833 
11,38,-0.303256 
11,39,-0.312010 
11,40,-0.358543 
11,41,-0.294318 
11,42,-0.254507 
11,43,-0.376961 
11,44,-0.443461 
11,45,-0.455704 
11,46,-0.490378 
11,47,-0.553037 
11,48,-0.461022 
11,49,-0.418568 
11,50,-0.411869 
11,51,-0.322184 
11,52,-0.285115 
11,53,-0.149233 
11,54,0.044330 
11,55,0.230736 
11,56,0.303000 
11,57,0.273607 
11,58,0.309337 
11,59,0.293955 
11,60,0.091783 
11,61,0.014990 
11,62,0.199274 
11,63,0.376109 
12,0,0.426037 
12,1,0.536978 
12,2,0.726492 
12,3,0.684454 
12,4,0.693775 
12,5,0.717281 
12,6,0.703188 
12,7,0.790738 
12,8,0.718656 
12,9,0.646265 
12,10,0.576652 
12,11,0.405450 
12,12,0.316460 
12,13,0.112841 
12,14,-0.120153 
12,15,-0.059032 
12,16,0.071621 
12,17,0.083265 
12,18,-0.041360 
12,19,-0.277498 
12,20,-0.482199 
12,21,-0.679451 
12,22,-0.763953 
12,23,-0.895165 
12,24,-1.128702 
12,25,-1.159299 
12,26,-1.107071 
12,27,-1.065491 
12,28,-0.893033 
12,29,-0.548928 
12,30,-0.288140 
12,31,-0.308539 
12,32,-0.279193 
12,33,-0.239436 
12,34,-0.153076 
12,35,0.042314 
12,36,0.145803 
12,37,0.052990 
12,38,-0.114567 
12,39,-0.201962 
12,40,-0.342931 
12,41,-0.301419 
12,42,-0.199470 
12,43,-0.274392 
12,44,-0.347832 
12,45,-0.354198 
12,46,-0.317298 
12,47,-0.362178 
12,48,-0.347502 
12,49,-0.342265 
12,50,-0.326515 
12,51,-0.203579 
12,52,-0.094789 
12,53,0.029149 
12,54,0.088395 
12,55,0.237271 
12,56,0.418187 
12,57,0.401518 
12,58,0.393639 
12,59,0.367022 
12,60,0.241520 
12,61,0.172894 
12,62,0.182954 
12,63,0.330515 
13,0,0.363084 
13,1,0.407523 
13,2,0.503910 
13,3,0.501515 
13,4,0.501986 
13,5,0.544721 
13,6,0.694517 
13,7,0.814959 
13,8,0.696788 
13,9,0.644852 
13,10,0.559107 
13,11,0.329489 
13,12,0.220319 
13,13,0.105606 
13,14,-0.070717 
13,15,-0.090297 
13,16,-0.005269 
13,17,0.044292 
13,18,-0.102143 
13,19,-0.415692 
13,20,-0.493226 
13,21,-0.533111 
13,22,-0.656820 
13,23,-0.790419 
13,24,-1.044583 
13,25,-1.164393 
13,26,-1.157721 
13,27,-1.060142 
13,28,-0.856083 
13,29,-0.568063 
13,30,-0.285987 
13,31,-0.238414 
13,32,-0.117991 
13,33,0.011579 
13,34,0.123053 
13,35,0.303042 
13,36,0.371365 
13,37,0.353217 
13,38,0.173912 
13,39,-0.078768 
13,40,-0.191189 
13,41,-0.155192 
13,42,-0.096230 
13,43,-0.071434 
13,44,-0.156413 
13,45,-0.236616 
13,46,-0.230538 
13,47,-0.196856 
13,48,-0.180674 
13,49,-0.220450 
13,50,-0.161108 
13,51,-0.088315 
13,52,-0.010241 
13,53,0.113843 
13,54,0.146475 
13,55,0.285845 
13,56,0.452681 
13,57,0.538760 
13,58,0.569568 
13,59,0.557544 
13,60,0.475545 
13,61,0.381277 
13,62,0.292290 
13,63,0.225460 
14,0,0.303235 
14,1,0.358048 
14,2,0.387127 
14,3,0.426274 
14,4,0.415033 
14,5,0.450154 
14,6,0.604369 
14,7,0.630388 
14,8,0.542522 
14,9,0.599625 
14,10,0.622196 
14,11,0.445141 
14,12,0.258367 
14,13,0.167629 
14,14,-0.016600 
14,15,-0.183224 
14,16,-0.214741 
14,17,-0.191081 
14,18,-0.172942 
14,19,-0.357509 
14,20,-0.428007 
14,21,-0.467080 
14,22,-0.567140 
14,23,-0.624386 
14,24,-0.856485 
14,25,-1.008897 
14,26,-1.099680 
14,27,-1.020784 
14,28,-0.793401 
14,29,-0.584704 
14,30,-0.321353 
14,31,-0.197726 
14,32,0.011571 
14,33,0.192155 
14,34,0.321202 
14,35,0.478970 
14,36,0.460263 
14,37,0.483784 
14,38,0.463568 
14,39,0.202903 
14,40,0.057572 
14,41,0.042390 
14,42,0.018858 
14,43,0.085014 
14,44,0.059052 
14,45,-0.020772 
14,46,-0.110205 
14,47,-0.057813 
14,48,-0.035899 
14,49,-0.129461 
14,50,-0.092044 
14,51,-0.133176 
14,52,-0.082382 
14,53,0.046222 
14,54,0.076672 
14,55,0.231313 
14,56,0.326091 
14,57,0.464228 
14,58,0.594921 
14,59,0.672288 
14,60,0.635241 
14,61,0.518211 
14,62,0.448929 
14,63,0.107658 
15,0,0.188377 
15,1,0.215808 
15,2,0.275632 
15,3,0.296522 
15,4,0.293983 
15,5,0.381614 
15,6,0.434377 
15,7,0.490434 
15,8,0.478467 
15,9,0.519290 
15,10,0.570360 
15,11,0.512806 
15,12,0.439002 
15,13,0.324752 
15,14,0.076966 
15,15,-0.104364 
15,16,-0.212006 
15,17,-0.277519 
15,18,-0.188944 
15,19,-0.173800 
15,20,-0.211565 
15,21,-0.265808 
15,22,-0.380661 
15,23,-0.525364 
15,24,-0.688985 
15,25,-0.821778 
15,26,-0.845125 
15,27,-0.785767 
15,28,-0.682326 
15,29,-0.457951 
15,30,-0.214264 
15,31,-0.084295 
15,32,0.121545 
15,33,0.348630 
15,34,0.570264 
15,35,0.659108 
15,36,0.547983 
15,37,0.545707 
15,38,0.580227 
15,39,0.436228 
15,40,0.223042 
15,41,0.135571 
15,42,0.155907 
15,43,0.228555 
15,44,0.231068 
15,45,0.098620 
15,46,-0.026379 
15,47,0.010751 
15,48,0.000518 
15,49,-0.118534 
15,50,-0.161085 
15,51,-0.178470 
15,52,-0.129965 
15,53,-0.051855 
15,54,0.056026 
15,55,0.215929 
15,56,0.250565 
15,57,0.360797 
15,58,0.492917 
15,59,0.530279 
15,60,0.611821 
15,61,0.586462 
15,62,0.441479 
15,63,0.000000 
16,0,0.109246 
16,1,0.119579 
16,2,0.149743 
16,3,0.115714 
16,4,0.033579 
16,5,0.101736 
16,6,0.168379 
16,7,0.340745 
16,8,0.434184 
16,9,0.483468 
16,10,0.491659 
16,11,0.490439 
16,12,0.500622 
16,13,0.360644 
16,14,0.127160 
16,15,0.000000 
16,16,-0.066801 
16,17,-0.117157 
16,18,-0.116507 
16,19,-0.083412 
16,20,-0.045756 
16,21,-0.054360 
16,22,-0.124994 
16,23,-0.290382 
16,24,-0.450741 
16,25,-0.631847 
16,26,-0.632947 
16,27,-0.638463 
16,28,-0.664737 
16,29,-0.424133 
16,30,-0.151998 
16,31,0.000000 
16,32,0.231532 
16,33,0.552079 
16,34,0.764892 
16,35,0.704874 
16,36,0.656631 
16,37,0.769728 
16,38,0.704441 
16,39,0.533116 
16,40,0.349447 
16,41,0.255009 
16,42,0.208814 
16,43,0.198538 
16,44,0.225150 
16,45,0.039240 
16,46,-0.072357 
16,47,0.000000 
16,48,-0.002348 
16,49,-0.088979 
16,50,-0.191164 
16,51,-0.172574 
16,52,-0.077218 
16,53,-0.000421 
16,54,0.109555 
16,55,0.194504 
16,56,0.197285 
16,57,0.270813 
16,58,0.438880 
16,59,0.482503 
16,60,0.567980 
16,61,0.549338 
16,62,0.312687 
16,63,-0.251061 
17,0,-0.116398 
17,1,-0.126482 
17,2,-0.119828 
17,3,-0.113440 
17,4,-0.179386 
17,5,-0.127229 
17,6,-0.023683 
17,7,0.188854 
17,8,0.322864 
17,9,0.346796 
17,10,0.402831 
17,11,0.438215 
17,12,0.443577 
17,13,0.321157 
17,14,0.151842 
17,15,0.029664 
17,16,0.026135 
17,17,0.060897 
17,18,-0.026513 
17,19,0.011445 
17,20,0.069469 
17,21,-0.028973 
17,22,-0.054448 
17,23,-0.060610 
17,24,-0.261892 
17,25,-0.440099 
17,26,-0.449358 
17,27,-0.530121 
17,28,-0.476875 
17,29,-0.277552 
17,30,-0.109503 
17,31,0.077035 
17,32,0.333473 
17,33,0.597637 
17,34,0.756566 
17,35,0.819591 
17,36,0.849256 
17,37,0.843414 
17,38,0.786694 
17,39,0.651690 
17,40,0.491301 
17,41,0.351043 
17,42,0.212172 
17,43,0.151163 
17,44,0.104175 
17,45,0.012163 
17,46,-0.039893 
17,47,-0.043020 
17,48,-0.061821 
17,49,-0.054147 
17,50,-0.120770 
17,51,-0.174973 
17,52,0.014335 
17,53,0.206900 
17,54,0.285473 
17,55,0.337286 
17,56,0.283065 
17,57,0.239593 
17,58,0.401072 
17,59,0.507090 
17,60,0.475653 
17,61,0.409831 
17,62,0.148782 
17,63,-0.412142 
18,0,-0.338618 
18,1,-0.419118 
18,2,-0.394826 
18,3,-0.314566 
18,4,-0.190668 
18,5,-0.017866 
18,6,0.030692 
18,7,0.184081 
18,8,0.318759 
18,9,0.299210 
18,10,0.379914 
18,11,0.418017 
18,12,0.420085 
18,13,0.306895 
18,14,0.181345 
18,15,0.075167 
18,16,0.062580 
18,17,0.100773 
18,18,0.012978 
18,19,0.126656 
18,20,0.207413 
18,21,0.034908 
18,22,-0.137098 
18,23,-0.166112 
18,24,-0.307510 
18,25,-0.383066 
18,26,-0.307130 
18,27,-0.373012 
18,28,-0.302012 
18,29,-0.208473 
18,30,-0.124081 
18,31,0.107101 
18,32,0.405174 
18,33,0.640659 
18,34,0.698526 
18,35,0.823604 
18,36,0.926845 
18,37,0.809306 
18,38,0.751306 
18,39,0.665670 
18,40,0.540917 
18,41,0.369305 
18,42,0.246170 
18,43,0.235910 
18,44,0.093570 
18,45,0.044387 
18,46,-0.009857 
18,47,-0.142342 
18,48,-0.189812 
18,49,-0.104070 
18,50,-0.031445 
18,51,-0.049045 
18,52,0.053950 
18,53,0.172935 
18,54,0.314796 
18,55,0.436294 
18,56,0.417632 
18,57,0.374631 
18,58,0.409322 
18,59,0.441082 
18,60,0.385847 
18,61,0.349194 
18,62,0.112646 
18,63,-0.617578 
19,0,-0.528590 
19,1,-0.521271 
19,2,-0.452492 
19,3,-0.304003 
19,4,-0.060963 
19,5,0.186511 
19,6,0.222602 
19,7,0.165012 
19,8,0.251822 
19,9,0.320553 
19,10,0.354381 
19,11,0.347253 
19,12,0.248444 
19,13,0.115498 
19,14,0.027387 
19,15,-0.059725 
19,16,-0.034541 
19,17,-0.003743 
19,18,-0.057508 
19,19,0.006761 
19,20,0.087489 
19,21,0.016634 
19,22,-0.166032 
19,23,-0.309257 
19,24,-0.365240 
19,25,-0.376365 
19,26,-0.399431 
19,27,-0.364877 
19,28,-0.272235 
19,29,-0.173022 
19,30,-0.110396 
19,31,0.032013 
19,32,0.435557 
19,33,0.740758 
19,34,0.779407 
19,35,0.819940 
19,36,0.808109 
19,37,0.748147 
19,38,0.707954 
19,39,0.648166 
19,40,0.590828 
19,41,0.502632 
19,42,0.469401 
19,43,0.437309 
19,44,0.261353 
19,45,0.164365 
19,46,0.079775 
19,47,-0.131898 
19,48,-0.270054 
19,49,-0.233258 
19,50,-0.087723 
19,51,0.031876 
19,52,0.077623 
19,53,0.059317 
19,54,0.224584 
19,55,0.357905 
19,56,0.390327 
19,57,0.402538 
19,58,0.366013 
19,59,0.396549 
19,60,0.391265 
19,61,0.304233 
19,62,0.108086 
19,63,-0.819240 
20,0,-0.766561 
20,1,-0.733130 
20,2,-0.558320 
20,3,-0.296482 
20,4,-0.037726 
20,5,0.200235 
20,6,0.353727 
20,7,0.234993 
20,8,0.166422 
20,9,0.175479 
20,10,0.220894 
20,11,0.253253 
20,12,0.122952 
20,13,0.042632 
20,14,-0.032862 
20,15,-0.140931 
20,16,-0.056205 
20,17,-0.015020 
20,18,-0.080811 
20,19,-0.095183 
20,20,-0.137562 
20,21,-0.224396 
20,22,-0.208143 
20,23,-0.277208 
20,24,-0.372595 
20,25,-0.448180 
20,26,-0.598589 
20,27,-0.477103 
20,28,-0.330629 
20,29,-0.174737 
20,30,0.010717 
20,31,0.197356 
20,32,0.502939 
20,33,0.651533 
20,34,0.730088 
20,35,0.759630 
20,36,0.663496 
20,37,0.702663 
20,38,0.761241 
20,39,0.785860 
20,40,0.689190 
20,41,0.579021 
20,42,0.577009 
20,43,0.465316 
20,44,0.312617 
20,45,0.241169 
20,46,0.141152 
20,47,-0.139195 
20,48,-0.249621 
20,49,-0.158603 
20,50,-0.176820 
20,51,-0.140325 
20,52,0.028924 
20,53,0.049385 
20,54,0.178764 
20,55,0.260753 
20,56,0.260065 
20,57,0.252570 
20,58,0.274786 
20,59,0.432319 
20,60,0.465596 
20,61,0.343954 
20,62,0.155954 
20,63,-0.925098 
21,0,-0.903962 
21,1,-0.834152 
21,2,-0.669432 
21,3,-0.352512 
21,4,-0.047184 
21,5,0.164082 
21,6,0.340793 
21,7,0.366772 
21,8,0.263222 
21,9,0.105743 
21,10,0.074514 
21,11,0.161373 
21,12,0.149595 
21,13,0.024378 
21,14,-0.030190 
21,15,0.001884 
21,16,0.074089 
21,17,0.053007 
21,18,-0.066827 
21,19,-0.158126 
21,20,-0.212526 
21,21,-0.301659 
21,22,-0.223744 
21,23,-0.216555 
21,24,-0.401439 
21,25,-0.543641 
21,26,-0.608127 
21,27,-0.524852 
21,28,-0.434141 
21,29,-0.197890 
21,30,0.108083 
21,31,0.310437 
21,32,0.511988 
21,33,0.569497 
21,34,0.583103 
21,35,0.646950 
21,36,0.642443 
21,37,0.729636 
21,38,0.762530 
21,39,0.796315 
21,40,0.776353 
21,41,0.633448 
21,42,0.576467 
21,43,0.502822 
21,44,0.412920 
21,45,0.293025 
21,46,0.062604 
21,47,-0.245726 
21,48,-0.265303 
21,49,-0.095843 
21,50,-0.153019 
21,51,-0.212121 
21,52,-0.073621 
21,53,-0.039688 
21,54,0.004356 
21,55,0.119970 
21,56,0.151512 
21,57,0.124228 
21,58,0.290385 
21,59,0.524050 
21,60,0.531713 
21,61,0.470689 
21,62,0.346798 
21,63,-0.860503 
22,0,-0.827873 
22,1,-0.699935 
22,2,-0.635630 
22,3,-0.361021 
22,4,0.009795 
22,5,0.224802 
22,6,0.331636 
22,7,0.415647 
22,8,0.377917 
22,9,0.177508 
22,10,0.040473 
22,11,0.142139 
22,12,0.258393 
22,13,0.087272 
22,14,-0.031788 
22,15,0.054277 
22,16,0.156932 
22,17,0.118478 
22,18,-0.010306 
22,19,-0.141146 
22,20,-0.130036 
22,21,-0.153831 
22,22,-0.131633 
22,23,-0.168284 
22,24,-0.396068 
22,25,-0.534143 
22,26,-0.546828 
22,27,-0.538233 
22,28,-0.453113 
22,29,-0.119000 
22,30,0.151841 
22,31,0.237608 
22,32,0.435956 
22,33,0.512813 
22,34,0.415551 
22,35,0.464556 
22,36,0.433343 
22,37,0.432653 
22,38,0.527299 
22,39,0.676172 
22,40,0.759156 
22,41,0.630865 
22,42,0.549754 
22,43,0.517717 
22,44,0.415957 
22,45,0.181972 
22,46,-0.023980 
22,47,-0.201319 
22,48,-0.275560 
22,49,-0.171354 
22,50,-0.156351 
22,51,-0.221791 
22,52,-0.138702 
22,53,-0.107781 
22,54,-0.128836 
22,55,0.046038 
22,56,0.167074 
22,57,0.173882 
22,58,0.333132 
22,59,0.483653 
22,60,0.484212 
22,61,0.488914 
22,62,0.395691 
22,63,-0.780350 
23,0,-0.670772 
23,1,-0.605374 
23,2,-0.577982 
23,3,-0.355341 
23,4,-0.003823 
23,5,0.148645 
23,6,0.258455 
23,7,0.362060 
23,8,0.336790 
23,9,0.195855 
23,10,0.088426 
23,11,0.178812 
23,12,0.308783 
23,13,0.308514 
23,14,0.186933 
23,15,0.203926 
23,16,0.326995 
23,17,0.326717 
23,18,0.233588 
23,19,0.092712 
23,20,0.092225 
23,21,0.067442 
23,22,0.040848 
23,23,-0.065625 
23,24,-0.318531 
23,25,-0.540023 
23,26,-0.608940 
23,27,-0.531657 
23,28,-0.360377 
23,29,-0.088314 
23,30,0.051564 
23,31,0.111811 
23,32,0.310727 
23,33,0.391949 
23,34,0.300969 
23,35,0.278271 
23,36,0.133159 
23,37,0.027467 
23,38,0.218435 
23,39,0.486332 
23,40,0.515939 
23,41,0.399660 
23,42,0.402277 
23,43,0.390979 
23,44,0.249016 
23,45,0.059439 
23,46,-0.073998 
23,47,-0.143473 
23,48,-0.178627 
23,49,-0.158360 
23,50,-0.087844 
23,51,-0.092555 
23,52,-0.046749 
23,53,-0.044223 
23,54,0.006163 
23,55,0.160864 
23,56,0.202899 
23,57,0.310674 
23,58,0.465534 
23,59,0.490737 
23,60,0.499980 
23,61,0.520679 
23,62,0.435516 
23,63,-0.733606 
24,0,-0.525735 
24,1,-0.481121 
24,2,-0.466645 
24,3,-0.277303 
24,4,0.014779 
24,5,0.029504 
24,6,0.032164 
24,7,0.078475 
24,8,0.076777 
24,9,0.032706 
24,10,0.105300 
24,11,0.309828 
24,12,0.337512 
24,13,0.380333 
24,14,0.344967 
24,15,0.385772 
24,16,0.516645 
24,17,0.567438 
24,18,0.503150 
24,19,0.331996 
24,20,0.264882 
24,21,0.160484 
24,22,0.063027 
24,23,-0.102680 
24,24,-0.308394 
24,25,-0.554771 
24,26,-0.638973 
24,27,-0.471340 
24,28,-0.313247 
24,29,-0.182975 
24,30,-0.121857 
24,31,-0.031388 
24,32,0.124274 
24,33,0.171750 
24,34,0.137314 
24,35,0.085361 
24,36,-0.027527 
24,37,-0.104119 
24,38,-0.068428 
24,39,0.065249 
24,40,0.205778 
24,41,0.264804 
24,42,0.312315 
24,43,0.305486 
24,44,0.160628 
24,45,0.062572 
24,46,-0.068760 
24,47,-0.125586 
24,48,-0.000324 
24,49,0.059255 
24,50,0.063089 
24,51,0.004814 
24,52,0.063472 
24,53,0.092450 
24,54,0.183226 
24,55,0.278031 
24,56,0.177728 
24,57,0.289919 
24,58,0.473080 
24,59,0.441546 
24,60,0.416922 
24,61,0.414587 
24,62,0.406701 
24,63,-0.643872 
25,0,-0.474907 
25,1,-0.390001 
25,2,-0.363093 
25,3,-0.186026 
25,4,-0.017117 
25,5,-0.048182 
25,6,-0.121277 
25,7,-0.093025 
25,8,-0.092752 
25,9,-0.112162 
25,10,0.137765 
25,11,0.427563 
25,12,0.478332 
25,13,0.429437 
25,14,0.378897 
25,15,0.434219 
25,16,0.531882 
25,17,0.624689 
25,18,0.633680 
25,19,0.561444 
25,20,0.477465 
25,21,0.286676 
25,22,0.118959 
25,23,-0.007151 
25,24,-0.222836 
25,25,-0.501391 
25,26,-0.538065 
25,27,-0.432785 
25,28,-0.395119 
25,29,-0.344380 
25,30,-0.234756 
25,31,-0.131110 
25,32,-0.053199 
25,33,0.055058 
25,34,0.028720 
25,35,-0.090543 
25,36,-0.146395 
25,37,-0.218334 
25,38,-0.245902 
25,39,-0.165619 
25,40,-0.005493 
25,41,0.097120 
25,42,0.103309 
25,43,0.148290 
25,44,0.115938 
25,45,0.116653 
25,46,0.092124 
25,47,-0.018968 
25,48,0.048961 
25,49,0.148037 
25,50,0.112419 
25,51,-0.002725 
25,52,0.055691 
25,53,0.215907 
25,54,0.267565 
25,55,0.293716 
25,56,0.225594 
25,57,0.274518 
25,58,0.378116 
25,59,0.343675 
25,60,0.347537 
25,61,0.297784 
25,62,0.271854 
25,63,-0.570113 
26,0,-0.529088 
26,1,-0.480006 
26,2,-0.468391 
26,3,-0.317839 
26,4,-0.226437 
26,5,-0.224720 
26,6,-0.285131 
26,7,-0.213006 
26,8,-0.102897 
26,9,-0.023027 
26,10,0.212509 
26,11,0.403886 
26,12,0.547537 
26,13,0.496830 
26,14,0.418714 
26,15,0.464671 
26,16,0.541904 
26,17,0.680295 
26,18,0.635767 
26,19,0.561008 
26,20,0.564361 
26,21,0.413925 
26,22,0.237209 
26,23,0.188594 
26,24,-0.011707 
26,25,-0.308817 
26,26,-0.395228 
26,27,-0.446743 
26,28,-0.426770 
26,29,-0.353140 
26,30,-0.272717 
26,31,-0.228826 
26,32,-0.200234 
26,33,-0.013056 
26,34,0.050461 
26,35,-0.037645 
26,36,-0.129293 
26,37,-0.292351 
26,38,-0.362532 
26,39,-0.329202 
26,40,-0.185459 
26,41,-0.065519 
26,42,-0.032983 
26,43,0.123768 
26,44,0.129747 
26,45,0.153177 
26,46,0.245488 
26,47,0.080162 
26,48,0.068201 
26,49,0.200485 
26,50,0.236100 
26,51,0.169365 
26,52,0.082038 
26,53,0.221755 
26,54,0.304922 
26,55,0.340939 
26,56,0.289616 
26,57,0.297038 
26,58,0.379462 
26,59,0.352555 
26,60,0.418480 
26,61,0.362620 
26,62,0.335393 
26,63,-0.561997 
27,0,-0.613384 
27,1,-0.568528 
27,2,-0.545843 
27,3,-0.462208 
27,4,-0.382764 
27,5,-0.363539 
27,6,-0.334415 
27,7,-0.221822 
27,8,-0.126448 
27,9,0.000172 
27,10,0.163752 
27,11,0.323991 
27,12,0.521721 
27,13,0.455904 
27,14,0.403446 
27,15,0.449674 
27,16,0.552823 
27,17,0.692540 
27,18,0.535932 
27,19,0.396055 
27,20,0.389722 
27,21,0.342693 
27,22,0.339644 
27,23,0.250782 
27,24,0.066296 
27,25,-0.136247 
27,26,-0.302332 
27,27,-0.429817 
27,28,-0.376827 
27,29,-0.257796 
27,30,-0.243864 
27,31,-0.245314 
27,32,-0.196131 
27,33,-0.132903 
27,34,-0.083003 
27,35,-0.094948 
27,36,-0.173354 
27,37,-0.315393 
27,38,-0.496893 
27,39,-0.500618 
27,40,-0.337731 
27,41,-0.207456 
27,42,-0.110350 
27,43,0.043132 
27,44,0.130800 
27,45,0.179292 
27,46,0.247754 
27,47,0.179318 
27,48,0.152332 
27,49,0.295410 
27,50,0.318277 
27,51,0.226296 
27,52,0.159816 
27,53,0.170626 
27,54,0.259303 
27,55,0.275391 
27,56,0.241217 
27,57,0.283597 
27,58,0.375876 
27,59,0.407359 
27,60,0.406236 
27,61,0.446937 
27,62,0.464024 
27,63,-0.619368 
28,0,-0.742085 
28,1,-0.685188 
28,2,-0.579564 
28,3,-0.498632 
28,4,-0.430731 
28,5,-0.414474 
28,6,-0.370811 
28,7,-0.292316 
28,8,-0.231591 
28,9,-0.069462 
28,10,0.064754 
28,11,0.237993 
28,12,0.477172 
28,13,0.386850 
28,14,0.359226 
28,15,0.406448 
28,16,0.443973 
28,17,0.490910 
28,18,0.398052 
28,19,0.366300 
28,20,0.322261 
28,21,0.335529 
28,22,0.431326 
28,23,0.242523 
28,24,0.016130 
28,25,-0.116704 
28,26,-0.197445 
28,27,-0.249557 
28,28,-0.290835 
28,29,-0.262816 
28,30,-0.206310 
28,31,-0.157909 
28,32,-0.080885 
28,33,-0.146441 
28,34,-0.248707 
28,35,-0.315431 
28,36,-0.365643 
28,37,-0.445658 
28,38,-0.595229 
28,39,-0.501989 
28,40,-0.369065 
28,41,-0.303985 
28,42,-0.214789 
28,43,-0.118011 
28,44,0.037532 
28,45,0.101604 
28,46,0.111155 
28,47,0.126452 
28,48,0.088783 
28,49,0.224791 
28,50,0.283517 
28,51,0.214559 
28,52,0.237442 
28,53,0.196386 
28,54,0.276859 
28,55,0.261308 
28,56,0.237568 
28,57,0.272298 
28,58,0.270654 
28,59,0.290481 
28,60,0.198671 
28,61,0.309563 
28,62,0.446734 
28,63,-0.535663 
29,0,-0.632285 
29,1,-0.635981 
29,2,-0.553740 
29,3,-0.479341 
29,4,-0.403835 
29,5,-0.309081 
29,6,-0.372936 
29,7,-0.433990 
29,8,-0.279307 
29,9,-0.041855 
29,10,0.075267 
29,11,0.164414 
29,12,0.285786 
29,13,0.258598 
29,14,0.222147 
29,15,0.215283 
29,16,0.272953 
29,17,0.375980 
29,18,0.362018 
29,19,0.279313 
29,20,0.179070 
29,21,0.222880 
29,22,0.315822 
29,23,0.168872 
29,24,-0.062280 
29,25,-0.199182 
29,26,-0.189761 
29,27,-0.145438 
29,28,-0.188000 
29,29,-0.179208 
29,30,-0.075591 
29,31,-0.018539 
29,32,0.023749 
29,33,-0.102932 
29,34,-0.275978 
29,35,-0.399447 
29,36,-0.460127 
29,37,-0.481461 
29,38,-0.518693 
29,39,-0.483688 
29,40,-0.407645 
29,41,-0.338672 
29,42,-0.258994 
29,43,-0.182891 
29,44,-0.143479 
29,45,0.003304 
29,46,0.062605 
29,47,0.093503 
29,48,0.153992 
29,49,0.274392 
29,50,0.286406 
29,51,0.186331 
29,52,0.193084 
29,53,0.232219 
29,54,0.338367 
29,55,0.336003 
29,56,0.294736 
29,57,0.304745 
29,58,0.240736 
29,59,0.105508 
29,60,0.054422 
29,61,0.231829 
29,62,0.411195 
29,63,-0.453210 
30,0,-0.455072 
30,1,-0.490577 
30,2,-0.436491 
30,3,-0.348020 
30,4,-0.348954 
30,5,-0.256442 
30,6,-0.205079 
30,7,-0.192161 
30,8,-0.145577 
30,9,-0.048877 
30,10,0.074267 
30,11,0.109007 
30,12,0.153465 
30,13,0.218957 
30,14,0.167591 
30,15,0.105233 
30,16,0.086491 
30,17,0.157505 
30,18,0.236348 
30,19,0.107039 
30,20,-0.045099 
30,21,0.057189 
30,22,0.117935 
30,23,-0.033964 
30,24,-0.192278 
30,25,-0.267736 
30,26,-0.261940 
30,27,-0.190463 
30,28,-0.162647 
30,29,-0.104477 
30,30,0.013245 
30,31,0.048005 
30,32,0.100635 
30,33,-0.021108 
30,34,-0.167954 
30,35,-0.270633 
30,36,-0.331460 
30,37,-0.300812 
30,38,-0.293854 
30,39,-0.388226 
30,40,-0.406445 
30,41,-0.350243 
30,42,-0.297634 
30,43,-0.283216 
30,44,-0.325723 
30,45,-0.064400 
30,46,0.081441 
30,47,0.185185 
30,48,0.246121 
30,49,0.243736 
30,50,0.278479 
30,51,0.254339 
30,52,0.242911 
30,53,0.318860 
30,54,0.369784 
30,55,0.307508 
30,56,0.239272 
30,57,0.233333 
30,58,0.289426 
30,59,0.176129 
30,60,0.079458 
30,61,0.211630 
30,62,0.284251 
30,63,-0.323084 
31,0,-0.234106 
31,1,-0.317421 
31,2,-0.289715 
31,3,-0.186708 
31,4,-0.160064 
31,5,-0.069732 
31,6,-0.030725 
31,7,0.062644 
31,8,0.111178 
31,9,0.103266 
31,10,0.173903 
31,11,0.190291 
31,12,0.226247 
31,13,0.212188 
31,14,0.142752 
31,15,0.108441 
31,16,-0.033416 
31,17,-0.092943 
31,18,-0.014733 
31,19,-0.068639 
31,20,-0.160684 
31,21,-0.132383 
31,22,-0.153585 
31,23,-0.255317 
31,24,-0.287301 
31,25,-0.272628 
31,26,-0.328435 
31,27,-0.290256 
31,28,-0.247325 
31,29,-0.203356 
31,30,-0.028322 
31,31,0.060198 
31,32,0.149343 
31,33,0.089727 
31,34,-0.021411 
31,35,-0.076879 
31,36,-0.153785 
31,37,-0.108813 
31,38,-0.153648 
31,39,-0.347495 
31,40,-0.335505 
31,41,-0.213640 
31,42,-0.228807 
31,43,-0.277264 
31,44,-0.283542 
31,45,-0.114462 
31,46,0.032810 
31,47,0.137827 
31,48,0.180014 
31,49,0.176591 
31,50,0.241157 
31,51,0.313766 
31,52,0.317314 
31,53,0.356126 
31,54,0.340389 
31,55,0.193796 
31,56,0.138603 
31,57,0.088123 
31,58,0.163029 
31,59,0.208235 
31,60,0.056034 
31,61,0.058898 
31,62,0.112892 
31,63,0.000000 
32,0,0.127037 
32,1,-0.026840 
32,2,-0.054197 
32,3,0.007446 
32,4,0.046414 
32,5,0.124044 
32,6,0.067340 
32,7,0.164039 
32,8,0.283482 
32,9,0.260535 
32,10,0.302579 
32,11,0.315256 
32,12,0.369805 
32,13,0.306542 
32,14,0.109240 
32,15,0.000000 
32,16,-0.077639 
32,17,-0.113451 
32,18,-0.183289 
32,19,-0.290400 
32,20,-0.281692 
32,21,-0.291860 
32,22,-0.311378 
32,23,-0.269363 
32,24,-0.373025 
32,25,-0.466951 
32,26,-0.421571 
32,27,-0.266435 
32,28,-0.190428 
32,29,-0.146510 
32,30,-0.032335 
32,31,0.000000 
32,32,0.068306 
32,33,0.010144 
32,34,-0.101143 
32,35,-0.138437 
32,36,-0.187026 
32,37,-0.077959 
32,38,-0.066194 
32,39,-0.245644 
32,40,-0.332026 
32,41,-0.284721 
32,42,-0.279444 
32,43,-0.297107 
32,44,-0.301633 
32,45,-0.272552 
32,46,-0.111583 
32,47,0.000000 
32,48,0.013701 
32,49,0.027299 
32,50,0.067902 
32,51,0.147216 
32,52,0.212463 
32,53,0.290829 
32,54,0.293166 
32,55,0.134841 
32,56,0.098289 
32,57,0.004919 
32,58,-0.083090 
32,59,-0.060057 
32,60,-0.093723 
32,61,-0.028845 
32,62,-0.033716 
32,63,0.232133 
33,0,0.320153 
33,1,0.225026 
33,2,0.263876 
33,3,0.325787 
33,4,0.254482 
33,5,0.198034 
33,6,0.193928 
33,7,0.287103 
33,8,0.349210 
33,9,0.309941 
33,10,0.299359 
33,11,0.295321 
33,12,0.375984 
33,13,0.440428 
33,14,0.204076 
33,15,-0.007361 
33,16,-0.006299 
33,17,-0.058812 
33,18,-0.182265 
33,19,-0.285120 
33,20,-0.337459 
33,21,-0.323828 
33,22,-0.315404 
33,23,-0.293196 
33,24,-0.383943 
33,25,-0.540724 
33,26,-0.385168 
33,27,-0.127067 
33,28,-0.101714 
33,29,-0.111214 
33,30,-0.113135 
33,31,-0.102124 
33,32,-0.066128 
33,33,-0.156506 
33,34,-0.254379 
33,35,-0.217325 
33,36,-0.142885 
33,37,-0.106903 
33,38,-0.131514 
33,39,-0.168744 
33,40,-0.252853 
33,41,-0.321596 
33,42,-0.337166 
33,43,-0.456610 
33,44,-0.583804 
33,45,-0.578580 
33,46,-0.378898 
33,47,-0.221147 
33,48,-0.175307 
33,49,-0.170051 
33,50,-0.115590 
33,51,0.035014 
33,52,0.161145 
33,53,0.297839 
33,54,0.315229 
33,55,0.227779 
33,56,0.139510 
33,57,-0.030970 
33,58,-0.202922 
33,59,-0.338595 
33,60,-0.363047 
33,61,-0.256706 
33,62,-0.237388 
33,63,0.318231 
34,0,0.459011 
34,1,0.515933 
34,2,0.588928 
34,3,0.604063 
34,4,0.551645 
34,5,0.503932 
34,6,0.428536 
34,7,0.381639 
34,8,0.376171 
34,9,0.301268 
34,10,0.262334 
34,11,0.285844 
34,12,0.275266 
34,13,0.358008 
34,14,0.298736 
34,15,0.202802 
34,16,0.145326 
34,17,-0.051395 
34,18,-0.208961 
34,19,-0.285159 
34,20,-0.338492 
34,21,-0.277675 
34,22,-0.316831 
34,23,-0.381328 
34,24,-0.337641 
34,25,-0.440941 
34,26,-0.347581 
34,27,-0.156398 
34,28,-0.121862 
34,29,-0.109052 
34,30,-0.176370 
34,31,-0.165595 
34,32,-0.141284 
34,33,-0.213183 
34,34,-0.278911 
34,35,-0.152640 
34,36,0.019278 
34,37,-0.059672 
34,38,-0.200873 
34,39,-0.147757 
34,40,-0.155205 
34,41,-0.287593 
34,42,-0.347356 
34,43,-0.580921 
34,44,-0.727793 
34,45,-0.641534 
34,46,-0.452608 
34,47,-0.291197 
34,48,-0.158964 
34,49,-0.127429 
34,50,-0.154068 
34,51,-0.025813 
34,52,0.064632 
34,53,0.168141 
34,54,0.228014 
34,55,0.258004 
34,56,0.215932 
34,57,0.049080 
34,58,-0.141178 
34,59,-0.386011 
34,60,-0.507414 
34,61,-0.467866 
34,62,-0.345009 
34,63,0.504165 
35,0,0.656798 
35,1,0.715516 
35,2,0.767195 
35,3,0.706491 
35,4,0.693302 
35,5,0.682613 
35,6,0.583192 
35,7,0.462068 
35,8,0.336860 
35,9,0.206344 
35,10,0.208020 
35,11,0.320862 
35,12,0.326970 
35,13,0.321377 
35,14,0.300644 
35,15,0.297699 
35,16,0.213044 
35,17,0.026224 
35,18,-0.167695 
35,19,-0.293190 
35,20,-0.245585 
35,21,-0.171367 
35,22,-0.312019 
35,23,-0.411771 
35,24,-0.343509 
35,25,-0.403298 
35,26,-0.340207 
35,27,-0.229046 
35,28,-0.115868 
35,29,-0.011681 
35,30,-0.119556 
35,31,-0.183574 
35,32,-0.199736 
35,33,-0.236080 
35,34,-0.228483 
35,35,-0.100948 
35,36,0.060723 
35,37,0.039791 
35,38,-0.084745 
35,39,-0.023686 
35,40,-0.101968 
35,41,-0.306105 
35,42,-0.427306 
35,43,-0.594501 
35,44,-0.668062 
35,45,-0.609314 
35,46,-0.379606 
35,47,-0.160962 
35,48,-0.082604 
35,49,-0.028955 
35,50,0.007349 
35,51,0.069650 
35,52,0.143521 
35,53,0.150335 
35,54,0.176572 
35,55,0.289179 
35,56,0.322260 
35,57,0.209171 
35,58,-0.046001 
35,59,-0.318963 
35,60,-0.475089 
35,61,-0.529938 
35,62,-0.465915 
35,63,0.672826 
36,0,0.861446 
36,1,0.919030 
36,2,0.963642 
36,3,0.882283 
36,4,0.816782 
36,5,0.746765 
36,6,0.710161 
36,7,0.594559 
36,8,0.417921 
36,9,0.306263 
36,10,0.183431 
36,11,0.205867 
36,12,0.281652 
36,13,0.222540 
36,14,0.131210 
36,15,0.131664 
36,16,0.088307 
36,17,-0.009484 
36,18,-0.052467 
36,19,-0.068508 
36,20,-0.065310 
36,21,-0.103260 
36,22,-0.324959 
36,23,-0.444084 
36,24,-0.418661 
36,25,-0.503872 
36,26,-0.379828 
36,27,-0.246188 
36,28,-0.112762 
36,29,0.045115 
36,30,0.066865 
36,31,0.087796 
36,32,-0.018660 
36,33,-0.106285 
36,34,-0.047524 
36,35,0.068970 
36,36,0.123564 
36,37,0.069279 
36,38,-0.078124 
36,39,-0.066809 
36,40,-0.062763 
36,41,-0.134046 
36,42,-0.329201 
36,43,-0.467245 
36,44,-0.535289 
36,45,-0.580020 
36,46,-0.365507 
36,47,-0.155799 
36,48,-0.020973 
36,49,0.190128 
36,50,0.305136 
36,51,0.309698 
36,52,0.404593 
36,53,0.319718 
36,54,0.264479 
36,55,0.419037 
36,56,0.483744 
36,57,0.436558 
36,58,0.196855 
36,59,-0.041908 
36,60,-0.230672 
36,61,-0.401710 
36,62,-0.463662 
36,63,0.718667 
37,0,0.925286 
37,1,1.015986 
37,2,0.995442 
37,3,0.939040 
37,4,0.863073 
37,5,0.822839 
37,6,0.721901 
37,7,0.564337 
37,8,0.452831 
37,9,0.331926 
37,10,0.183910 
37,11,0.137002 
37,12,0.180091 
37,13,0.105589 
37,14,0.041002 
37,15,0.059572 
37,16,-0.012817 
37,17,-0.041768 
37,18,0.022735 
37,19,0.125009 
37,20,0.066907 
37,21,-0.128741 
37,22,-0.378119 
37,23,-0.579153 
37,24,-0.564298 
37,25,-0.487951 
37,26,-0.357835 
37,27,-0.195649 
37,28,-0.017451 
37,29,0.112777 
37,30,0.297876 
37,31,0.367818 
37,32,0.174312 
37,33,0.055700 
37,34,0.094566 
37,35,0.229818 
37,36,0.290761 
37,37,0.199763 
37,38,0.014416 
37,39,-0.076458 
37,40,-0.009645 
37,41,-0.011815 
37,42,-0.210502 
37,43,-0.365820 
37,44,-0.432893 
37,45,-0.379420 
37,46,-0.239102 
37,47,-0.114456 
37,48,0.176472 
37,49,0.448487 
37,50,0.490704 
37,51,0.560699 
37,52,0.630244 
37,53,0.459442 
37,54,0.391670 
37,55,0.496322 
37,56,0.517643 
37,57,0.518908 
37,58,0.396069 
37,59,0.155171 
37,60,-0.043635 
37,61,-0.225579 
37,62,-0.330166 
37,63,0.829535 
38,0,0.900552 
38,1,0.917260 
38,2,0.932283 
38,3,0.995795 
38,4,0.929059 
38,5,0.905502 
38,6,0.731171 
38,7,0.535183 
38,8,0.452268 
38,9,0.283111 
38,10,0.192858 
38,11,0.147489 
38,12,0.149435 
38,13,0.092667 
38,14,0.116122 
38,15,0.185251 
38,16,0.118205 
38,17,0.194008 
38,18,0.173760 
38,19,0.206713 
38,20,0.206076 
38,21,-0.026888 
38,22,-0.268949 
38,23,-0.510597 
38,24,-0.574828 
38,25,-0.412239 
38,26,-0.277892 
38,27,-0.100600 
38,28,0.174815 
38,29,0.306583 
38,30,0.483182 
38,31,0.461616 
38,32,0.281140 
38,33,0.250606 
38,34,0.226553 
38,35,0.301289 
38,36,0.355422 
38,37,0.242037 
38,38,0.162498 
38,39,0.101077 
38,40,0.053107 
38,41,-0.078334 
38,42,-0.201113 
38,43,-0.252659 
38,44,-0.330337 
38,45,-0.199307 
38,46,0.012769 
38,47,0.183228 
38,48,0.455360 
38,49,0.600183 
38,50,0.567436 
38,51,0.698085 
38,52,0.785006 
38,53,0.617617 
38,54,0.527770 
38,55,0.524849 
38,56,0.510741 
38,57,0.575098 
38,58,0.552405 
38,59,0.309217 
38,60,0.052688 
38,61,-0.165496 
38,62,-0.253007 
38,63,0.777960 
39,0,0.769619 
39,1,0.763059 
39,2,0.901815 
39,3,1.148785 
39,4,1.185323 
39,5,1.022347 
39,6,0.829933 
39,7,0.618247 
39,8,0.482839 
39,9,0.305191 
39,10,0.113277 
39,11,0.052521 
39,12,0.010468 
39,13,-0.004048 
39,14,0.167115 
39,15,0.315902 
39,16,0.296359 
39,17,0.345151 
39,18,0.351255 
39,19,0.394873 
39,20,0.389946 
39,21,0.209020 
39,22,-0.105016 
39,23,-0.325334 
39,24,-0.379705 
39,25,-0.298026 
39,26,-0.152909 
39,27,0.021887 
39,28,0.271122 
39,29,0.439628 
39,30,0.529501 
39,31,0.390572 
39,32,0.298277 
39,33,0.348456 
39,34,0.366317 
39,35,0.422288 
39,36,0.354972 
39,37,0.207576 
39,38,0.243324 
39,39,0.207580 
39,40,0.025216 
39,41,-0.142643 
39,42,-0.259458 
39,43,-0.243011 
39,44,-0.225699 
39,45,-0.087527 
39,46,0.175748 
39,47,0.379854 
39,48,0.534169 
39,49,0.616496 
39,50,0.667345 
39,51,0.683649 
39,52,0.693765 
39,53,0.685269 
39,54,0.647116 
39,55,0.518376 
39,56,0.464670 
39,57,0.557628 
39,58,0.603831 
39,59,0.464115 
39,60,0.148384 
39,61,-0.034583 
39,62,-0.053933 
39,63,0.561730 
40,0,0.613202 
40,1,0.707545 
40,2,0.853105 
40,3,1.146747 
40,4,1.352569 
40,5,1.161693 
40,6,0.936058 
40,7,0.678437 
40,8,0.503365 
40,9,0.307282 
40,10,0.007592 
40,11,-0.041535 
40,12,-0.095868 
40,13,-0.079104 
40,14,0.105857 
40,15,0.214123 
40,16,0.265482 
40,17,0.313418 
40,18,0.338638 
40,19,0.386698 
40,20,0.332373 
40,21,0.187727 
40,22,-0.079721 
40,23,-0.195197 
40,24,-0.182683 
40,25,-0.144906 
40,26,-0.099084 
40,27,-0.002941 
40,28,0.145157 
40,29,0.276043 
40,30,0.436188 
40,31,0.337470 
40,32,0.252024 
40,33,0.299691 
40,34,0.359311 
40,35,0.415449 
40,36,0.385196 
40,37,0.335772 
40,38,0.362354 
40,39,0.241705 
40,40,0.006315 
40,41,-0.113938 
40,42,-0.258951 
40,43,-0.244580 
40,44,-0.164437 
40,45,-0.041685 
40,46,0.153810 
40,47,0.290253 
40,48,0.491749 
40,49,0.675267 
40,50,0.754775 
40,51,0.609988 
40,52,0.479212 
40,53,0.545291 
40,54,0.603694 
40,55,0.430094 
40,56,0.335333 
40,57,0.438440 
40,58,0.469339 
40,59,0.351338 
40,60,0.092485 
40,61,0.059893 
40,62,0.146128 
40,63,0.410185 
41,0,0.588321 
41,1,0.791500 
41,2,0.892927 
41,3,1.067384 
41,4,1.211506 
41,5,1.202986 
41,6,1.067225 
41,7,0.818707 
41,8,0.669211 
41,9,0.456321 
41,10,0.129634 
41,11,0.010534 
41,12,-0.096492 
41,13,-0.078586 
41,14,0.088097 
41,15,0.175864 
41,16,0.186909 
41,17,0.187654 
41,18,0.241845 
41,19,0.246141 
41,20,0.144471 
41,21,0.065958 
41,22,-0.070146 
41,23,-0.176856 
41,24,-0.154632 
41,25,-0.150563 
41,26,-0.192043 
41,27,-0.168365 
41,28,0.001709 
41,29,0.135507 
41,30,0.229187 
41,31,0.246993 
41,32,0.189884 
41,33,0.222734 
41,34,0.282008 
41,35,0.357878 
41,36,0.474226 
41,37,0.474347 
41,38,0.437849 
41,39,0.293668 
41,40,0.068162 
41,41,-0.124888 
41,42,-0.238071 
41,43,-0.221859 
41,44,-0.197339 
41,45,-0.062268 
41,46,0.076644 
41,47,0.144771 
41,48,0.355553 
41,49,0.655661 
41,50,0.713272 
41,51,0.525841 
41,52,0.438538 
41,53,0.505335 
41,54,0.529250 
41,55,0.385375 
41,56,0.289518 
41,57,0.312223 
41,58,0.368802 
41,59,0.288948 
41,60,0.092041 
41,61,0.132018 
41,62,0.266633 
41,63,0.490655 
42,0,0.624881 
42,1,0.739186 
42,2,0.879352 
42,3,1.014266 
42,4,0.995202 
42,5,1.075450 
42,6,1.075562 
42,7,0.906905 
42,8,0.779753 
42,9,0.553951 
42,10,0.243995 
42,11,0.067690 
42,12,-0.058422 
42,13,0.007798 
42,14,0.157455 
42,15,0.208628 
42,16,0.218747 
42,17,0.218341 
42,18,0.262864 
42,19,0.177926 
42,20,0.077083 
42,21,0.108243 
42,22,0.009410 
42,23,-0.182965 
42,24,-0.231818 
42,25,-0.290003 
42,26,-0.250600 
42,27,-0.166513 
42,28,-0.039975 
42,29,0.033215 
42,30,0.018879 
42,31,0.117592 
42,32,0.145364 
42,33,0.205053 
42,34,0.292775 
42,35,0.421011 
42,36,0.521154 
42,37,0.416433 
42,38,0.419743 
42,39,0.350677 
42,40,0.179887 
42,41,-0.047957 
42,42,-0.216344 
42,43,-0.283682 
42,44,-0.322491 
42,45,-0.174806 
42,46,0.015713 
42,47,0.118487 
42,48,0.230830 
42,49,0.542565 
42,50,0.681269 
42,51,0.572428 
42,52,0.481416 
42,53,0.498127 
42,54,0.471602 
42,55,0.325597 
42,56,0.284630 
42,57,0.262389 
42,58,0.326973 
42,59,0.294514 
42,60,0.195818 
42,61,0.327873 
42,62,0.467491 
42,63,0.635446 
43,0,0.732475 
43,1,0.784484 
43,2,0.889743 
43,3,0.949561 
43,4,0.940569 
43,5,0.975894 
43,6,0.943111 
43,7,0.840119 
43,8,0.734028 
43,9,0.557384 
43,10,0.281437 
43,11,0.119019 
43,12,0.074124 
43,13,0.183202 
43,14,0.274592 
43,15,0.209558 
43,16,0.197660 
43,17,0.256265 
43,18,0.247987 
43,19,0.122476 
43,20,0.096365 
43,21,0.145355 
43,22,-0.019109 
43,23,-0.321068 
43,24,-0.444134 
43,25,-0.416202 
43,26,-0.239707 
43,27,-0.088547 
43,28,-0.110112 
43,29,-0.049780 
43,30,0.064395 
43,31,0.194565 
43,32,0.268334 
43,33,0.308679 
43,34,0.330761 
43,35,0.410156 
43,36,0.432642 
43,37,0.334123 
43,38,0.388756 
43,39,0.336789 
43,40,0.211589 
43,41,0.065252 
43,42,-0.163431 
43,43,-0.300683 
43,44,-0.305516 
43,45,-0.178743 
43,46,-0.042030 
43,47,0.112371 
43,48,0.260598 
43,49,0.424565 
43,50,0.574564 
43,51,0.572560 
43,52,0.501635 
43,53,0.460037 
43,54,0.399436 
43,55,0.343929 
43,56,0.294165 
43,57,0.271670 
43,58,0.321730 
43,59,0.302803 
43,60,0.341157 
43,61,0.486518 
43,62,0.553876 
43,63,0.494126 
44,0,0.691665 
44,1,0.846462 
44,2,0.948691 
44,3,0.970222 
44,4,0.934733 
44,5,0.857515 
44,6,0.820464 
44,7,0.818024 
44,8,0.791564 
44,9,0.733698 
44,10,0.472701 
44,11,0.304403 
44,12,0.182941 
44,13,0.157926 
44,14,0.275553 
44,15,0.203740 
44,16,0.138554 
44,17,0.234613 
44,18,0.276159 
44,19,0.206916 
44,20,0.101574 
44,21,-0.014671 
44,22,-0.182232 
44,23,-0.497968 
44,24,-0.676337 
44,25,-0.572655 
44,26,-0.380705 
44,27,-0.269087 
44,28,-0.237762 
44,29,0.027000 
44,30,0.219176 
44,31,0.303733 
44,32,0.364449 
44,33,0.313243 
44,34,0.307550 
44,35,0.390875 
44,36,0.398521 
44,37,0.358931 
44,38,0.372886 
44,39,0.263048 
44,40,0.118460 
44,41,0.017367 
44,42,-0.085664 
44,43,-0.130808 
44,44,-0.158801 
44,45,-0.124885 
44,46,-0.084745 
44,47,0.082099 
44,48,0.299307 
44,49,0.333181 
44,50,0.352359 
44,51,0.330078 
44,52,0.414076 
44,53,0.463879 
44,54,0.370810 
44,55,0.397732 
44,56,0.312142 
44,57,0.277844 
44,58,0.365909 
44,59,0.373580 
44,60,0.368651 
44,61,0.340622 
44,62,0.408903 
44,63,0.411538 
45,0,0.552530 
45,1,0.688856 
45,2,0.879030 
45,3,0.900442 
45,4,0.869978 
45,5,0.847912 
45,6,0.864036 
45,7,0.880814 
45,8,0.886059 
45,9,0.822579 
45,10,0.534718 
45,11,0.368804 
45,12,0.200876 
45,13,0.113837 
45,14,0.163866 
45,15,0.109893 
45,16,0.050233 
45,17,0.132872 
45,18,0.214611 
45,19,0.176984 
45,20,0.087361 
45,21,-0.091055 
45,22,-0.317897 
45,23,-0.599193 
45,24,-0.811636 
45,25,-0.755899 
45,26,-0.568041 
45,27,-0.490134 
45,28,-0.341048 
45,29,0.025317 
45,30,0.317638 
45,31,0.397174 
45,32,0.309468 
45,33,0.232910 
45,34,0.228977 
45,35,0.327339 
45,36,0.361756 
45,37,0.286303 
45,38,0.236532 
45,39,0.079417 
45,40,-0.066530 
45,41,-0.037115 
45,42,0.082376 
45,43,0.099357 
45,44,-0.081588 
45,45,-0.204350 
45,46,-0.132013 
45,47,0.017812 
45,48,0.171956 
45,49,0.264045 
45,50,0.195960 
45,51,0.050019 
45,52,0.122868 
45,53,0.254671 
45,54,0.263631 
45,55,0.271099 
45,56,0.324250 
45,57,0.409846 
45,58,0.454192 
45,59,0.470899 
45,60,0.354867 
45,61,0.219522 
45,62,0.254324 
45,63,0.294829 
46,0,0.384620 
46,1,0.508796 
46,2,0.725108 
46,3,0.705986 
46,4,0.698428 
46,5,0.756101 
46,6,0.806248 
46,7,0.794971 
46,8,0.784546 
46,9,0.677148 
46,10,0.453415 
46,11,0.413651 
46,12,0.283256 
46,13,0.204409 
46,14,0.112740 
46,15,-0.007040 
46,16,-0.042677 
46,17,0.019140 
46,18,0.117922 
46,19,0.129855 
46,20,0.106903 
46,21,-0.087172 
46,22,-0.410019 
46,23,-0.704918 
46,24,-0.914583 
46,25,-0.873377 
46,26,-0.599242 
46,27,-0.443510 
46,28,-0.248165 
46,29,0.098798 
46,30,0.358927 
46,31,0.316938 
46,32,0.168742 
46,33,0.189915 
46,34,0.175150 
46,35,0.263195 
46,36,0.297766 
46,37,0.163612 
46,38,0.109699 
46,39,-0.053573 
46,40,-0.165035 
46,41,0.010855 
46,42,0.167543 
46,43,0.075846 
46,44,-0.056063 
46,45,-0.113697 
46,46,-0.070818 
46,47,-0.000715 
46,48,0.013763 
46,49,0.094905 
46,50,0.096643 
46,51,-0.038456 
46,52,-0.012716 
46,53,0.155981 
46,54,0.288300 
46,55,0.336626 
46,56,0.339212 
46,57,0.307945 
46,58,0.300415 
46,59,0.355630 
46,60,0.305646 
46,61,0.251607 
46,62,0.209334 
46,63,0.157118 
47,0,0.203754 
47,1,0.335693 
47,2,0.535702 
47,3,0.524924 
47,4,0.473931 
47,5,0.557878 
47,6,0.630495 
47,7,0.605321 
47,8,0.557243 
47,9,0.490476 
47,10,0.438414 
47,11,0.443737 
47,12,0.327943 
47,13,0.189569 
47,14,0.053157 
47,15,-0.102110 
47,16,-0.084457 
47,17,0.026582 
47,18,0.048718 
47,19,0.102941 
47,20,0.087054 
47,21,-0.092772 
47,22,-0.337492 
47,23,-0.664137 
47,24,-0.953715 
47,25,-0.969999 
47,26,-0.709331 
47,27,-0.403105 
47,28,-0.072808 
47,29,0.213163 
47,30,0.248402 
47,31,0.063533 
47,32,-0.053748 
47,33,-0.005321 
47,34,0.117233 
47,35,0.280680 
47,36,0.268283 
47,37,0.112079 
47,38,0.064748 
47,39,0.030159 
47,40,-0.052501 
47,41,0.050629 
47,42,0.122526 
47,43,0.024954 
47,44,-0.031881 
47,45,-0.073561 
47,46,-0.040387 
47,47,-0.002331 
47,48,0.008547 
47,49,0.109393 
47,50,0.086901 
47,51,-0.005458 
47,52,-0.006784 
47,53,0.094974 
47,54,0.279857 
47,55,0.419643 
47,56,0.389812 
47,57,0.229370 
47,58,0.088712 
47,59,0.021304 
47,60,0.163583 
47,61,0.247714 
47,62,0.117185 
47,63,0.000000 
48,0,-0.028139 
48,1,0.079305 
48,2,0.313005 
48,3,0.334844 
48,4,0.296978 
48,5,0.444308 
48,6,0.481948 
48,7,0.416981 
48,8,0.303907 
48,9,0.257734 
48,10,0.299261 
48,11,0.243804 
48,12,0.265986 
48,13,0.228925 
48,14,0.128753 
48,15,0.000000 
48,16,-0.116243 
48,17,-0.138436 
48,18,-0.157656 
48,19,-0.044373 
48,20,0.001473 
48,21,-0.089981 
48,22,-0.283993 
48,23,-0.672623 
48,24,-0.973192 
48,25,-0.990160 
48,26,-0.862472 
48,27,-0.543658 
48,28,-0.151543 
48,29,0.032135 
48,30,0.081783 
48,31,0.000000 
48,32,-0.133511 
48,33,-0.116749 
48,34,0.023787 
48,35,0.143712 
48,36,0.241784 
48,37,0.236281 
48,38,0.108512 
48,39,0.101332 
48,40,0.045257 
48,41,0.048277 
48,42,0.015969 
48,43,-0.069807 
48,44,-0.139694 
48,45,-0.247983 
48,46,-0.105639 
48,47,0.000000 
48,48,0.029087 
48,49,0.177849 
48,50,0.122079 
48,51,0.046669 
48,52,-0.005755 
48,53,-0.002440 
48,54,0.096883 
48,55,0.183780 
48,56,0.213697 
48,57,0.048228 
48,58,-0.065149 
48,59,-0.104445 
48,60,0.034968 
48,61,0.079944 
48,62,-0.038764 
48,63,-0.298418 
49,0,-0.252370 
49,1,-0.074889 
49,2,0.137743 
49,3,0.212246 
49,4,0.225237 
49,5,0.296012 
49,6,0.303142 
49,7,0.174573 
49,8,0.085720 
49,9,0.046656 
49,10,0.020410 
49,11,0.071572 
49,12,0.134703 
49,13,0.108402 
49,14,0.024327 
49,15,-0.024146 
49,16,-0.129914 
49,17,-0.173071 
49,18,-0.102408 
49,19,-0.052898 
49,20,-0.026644 
49,21,-0.138647 
49,22,-0.284508 
49,23,-0.519850 
49,24,-0.752394 
49,25,-0.782076 
49,26,-0.684623 
49,27,-0.492112 
49,28,-0.227125 
49,29,-0.080914 
49,30,-0.013522 
49,31,0.003044 
49,32,-0.109279 
49,33,-0.073038 
49,34,-0.022524 
49,35,-0.014348 
49,36,0.227501 
49,37,0.377503 
49,38,0.305707 
49,39,0.239663 
49,40,0.140617 
49,41,0.101849 
49,42,-0.051177 
49,43,-0.165478 
49,44,-0.162793 
49,45,-0.226757 
49,46,-0.108291 
49,47,0.071104 
49,48,0.149658 
49,49,0.150867 
49,50,0.057511 
49,51,0.002282 
49,52,-0.046937 
49,53,-0.019493 
49,54,-0.033065 
49,55,-0.016574 
49,56,-0.022187 
49,57,-0.216602 
49,58,-0.236343 
49,59,-0.133031 
49,60,-0.076719 
49,61,-0.065994 
49,62,-0.031579 
49,63,-0.277395 
50,0,-0.256384 
50,1,-0.142050 
50,2,-0.059990 
50,3,-0.026759 
50,4,0.019932 
50,5,0.022925 
50,6,0.085613 
50,7,-0.045269 
50,8,-0.137428 
50,9,-0.208170 
50,10,-0.312459 
50,11,-0.151920 
50,12,-0.076573 
50,13,-0.126049 
50,14,-0.228571 
50,15,-0.206809 
50,16,-0.175689 
50,17,-0.123049 
50,18,0.022060 
50,19,-0.026236 
50,20,0.006128 
50,21,-0.082758 
50,22,-0.260826 
50,23,-0.407872 
50,24,-0.535521 
50,25,-0.542884 
50,26,-0.398697 
50,27,-0.292761 
50,28,-0.153636 
50,29,-0.031863 
50,30,-0.011880 
50,31,0.073978 
50,32,0.004195 
50,33,0.040395 
50,34,0.110628 
50,35,0.113640 
50,36,0.240937 
50,37,0.283024 
50,38,0.329930 
50,39,0.296683 
50,40,0.147897 
50,41,0.071035 
50,42,-0.110523 
50,43,-0.171532 
50,44,-0.078712 
50,45,-0.107623 
50,46,-0.049390 
50,47,0.170857 
50,48,0.305508 
50,49,0.168170 
50,50,-0.008300 
50,51,-0.066828 
50,52,-0.162879 
50,53,-0.156665 
50,54,-0.162408 
50,55,-0.125781 
50,56,-0.141918 
50,57,-0.308004 
50,58,-0.391581 
50,59,-0.317834 
50,60,-0.151441 
50,61,0.001922 
50,62,0.002997 
50,63,-0.169834 
51,0,-0.136354 
51,1,-0.096225 
51,2,-0.193858 
51,3,-0.225149 
51,4,-0.172367 
51,5,-0.169982 
51,6,-0.078913 
51,7,-0.147170 
51,8,-0.280950 
51,9,-0.419908 
51,10,-0.536877 
51,11,-0.394981 
51,12,-0.266595 
51,13,-0.319508 
51,14,-0.419421 
51,15,-0.413693 
51,16,-0.307301 
51,17,-0.229103 
51,18,-0.118299 
51,19,-0.114563 
51,20,-0.135894 
51,21,-0.158793 
51,22,-0.316423 
51,23,-0.433679 
51,24,-0.455183 
51,25,-0.419865 
51,26,-0.233837 
51,27,-0.138926 
51,28,-0.091954 
51,29,-0.024933 
51,30,0.010044 
51,31,0.197398 
51,32,0.309660 
51,33,0.285985 
51,34,0.248276 
51,35,0.284706 
51,36,0.281160 
51,37,0.158104 
51,38,0.163483 
51,39,0.187820 
51,40,0.060199 
51,41,-0.029914 
51,42,-0.103616 
51,43,-0.075150 
51,44,-0.040988 
51,45,-0.082948 
51,46,-0.008711 
51,47,0.099145 
51,48,0.192903 
51,49,0.082930 
51,50,-0.145427 
51,51,-0.204459 
51,52,-0.301292 
51,53,-0.347555 
51,54,-0.313293 
51,55,-0.350120 
51,56,-0.413748 
51,57,-0.459702 
51,58,-0.443832 
51,59,-0.324484 
51,60,-0.093785 
51,61,0.111981 
51,62,0.087804 
51,63,-0.113654 
52,0,-0.060217 
52,1,-0.057648 
52,2,-0.204040 
52,3,-0.168749 
52,4,-0.147838 
52,5,-0.217493 
52,6,-0.255481 
52,7,-0.392457 
52,8,-0.507615 
52,9,-0.652061 
52,10,-0.765458 
52,11,-0.633450 
52,12,-0.514305 
52,13,-0.622881 
52,14,-0.627386 
52,15,-0.564083 
52,16,-0.423376 
52,17,-0.366657 
52,18,-0.379665 
52,19,-0.379857 
52,20,-0.441735 
52,21,-0.395103 
52,22,-0.399905 
52,23,-0.369591 
52,24,-0.275880 
52,25,-0.180949 
52,26,-0.033613 
52,27,-0.003661 
52,28,-0.007437 
52,29,0.037458 
52,30,0.096600 
52,31,0.349864 
52,32,0.549995 
52,33,0.407019 
52,34,0.216852 
52,35,0.234501 
52,36,0.268235 
52,37,0.132914 
52,38,0.020181 
52,39,0.039738 
52,40,0.022153 
52,41,0.035456 
52,42,0.002484 
52,43,0.014859 
52,44,0.015826 
52,45,-0.024525 
52,46,-0.011338 
52,47,-0.057628 
52,48,-0.055975 
52,49,-0.175629 
52,50,-0.371630 
52,51,-0.366294 
52,52,-0.386518 
52,53,-0.422453 
52,54,-0.398621 
52,55,-0.532657 
52,56,-0.652863 
52,57,-0.603374 
52,58,-0.489384 
52,59,-0.330530 
52,60,-0.133979 
52,61,0.028090 
52,62,0.075964 
52,63,-0.066889 
53,0,-0.066048 
53,1,-0.065038 
53,2,-0.170271 
53,3,-0.196868 
53,4,-0.241368 
53,5,-0.323700 
53,6,-0.392375 
53,7,-0.560613 
53,8,-0.733792 
53,9,-0.926109 
53,10,-0.967446 
53,11,-0.886031 
53,12,-0.885906 
53,13,-0.883302 
53,14,-0.805164 
53,15,-0.701427 
53,16,-0.595919 
53,17,-0.568407 
53,18,-0.604411 
53,19,-0.635892 
53,20,-0.676203 
53,21,-0.605392 
53,22,-0.539773 
53,23,-0.431166 
53,24,-0.227291 
53,25,-0.053548 
53,26,0.038913 
53,27,0.097824 
53,28,0.147599 
53,29,0.175759 
53,30,0.298453 
53,31,0.580209 
53,32,0.699418 
53,33,0.561156 
53,34,0.313954 
53,35,0.182404 
53,36,0.209868 
53,37,0.115221 
53,38,-0.060552 
53,39,-0.124715 
53,40,-0.066485 
53,41,-0.032420 
53,42,-0.056315 
53,43,-0.082185 
53,44,-0.091999 
53,45,-0.076167 
53,46,-0.085528 
53,47,-0.163677 
53,48,-0.292681 
53,49,-0.416767 
53,50,-0.489828 
53,51,-0.443299 
53,52,-0.479764 
53,53,-0.540421 
53,54,-0.577363 
53,55,-0.668195 
53,56,-0.695775 
53,57,-0.707053 
53,58,-0.628580 
53,59,-0.430404 
53,60,-0.188050 
53,61,-0.013975 
53,62,-0.017915 
53,63,-0.067815 
54,0,-0.153685 
54,1,-0.167159 
54,2,-0.169256 
54,3,-0.193485 
54,4,-0.227774 
54,5,-0.219601 
54,6,-0.299748 
54,7,-0.523257 
54,8,-0.690950 
54,9,-0.870916 
54,10,-0.930238 
54,11,-1.003046 
54,12,-1.127843 
54,13,-1.007221 
54,14,-0.863149 
54,15,-0.722760 
54,16,-0.656181 
54,17,-0.653932 
54,18,-0.735812 
54,19,-0.840223 
54,20,-0.847356 
54,21,-0.743752 
54,22,-0.674403 
54,23,-0.553196 
54,24,-0.354872 
54,25,-0.201408 
54,26,-0.025791 
54,27,0.206966 
54,28,0.379189 
54,29,0.436849 
54,30,0.494499 
54,31,0.666772 
54,32,0.709086 
54,33,0.597437 
54,34,0.417622 
54,35,0.252146 
54,36,0.121912 
54,37,-0.049332 
54,38,-0.165311 
54,39,-0.228896 
54,40,-0.172378 
54,41,-0.208186 
54,42,-0.137321 
54,43,-0.081424 
54,44,-0.200054 
54,45,-0.210370 
54,46,-0.253945 
54,47,-0.396808 
54,48,-0.492028 
54,49,-0.465739 
54,50,-0.539463 
54,51,-0.562180 
54,52,-0.589846 
54,53,-0.630337 
54,54,-0.672817 
54,55,-0.678215 
54,56,-0.547566 
54,57,-0.580308 
54,58,-0.542234 
54,59,-0.311405 
54,60,-0.137105 
54,61,-0.058383 
54,62,-0.058372 
54,63,-0.112437 
55,0,-0.282198 
55,1,-0.331089 
55,2,-0.254917 
55,3,-0.164151 
55,4,-0.055547 
55,5,0.042169 
55,6,-0.120783 
55,7,-0.413829 
55,8,-0.486149 
55,9,-0.604025 
55,10,-0.737908 
55,11,-0.921385 
55,12,-1.082901 
55,13,-1.058966 
55,14,-0.920986 
55,15,-0.684096 
55,16,-0.573859 
55,17,-0.590019 
55,18,-0.804028 
55,19,-0.981502 
55,20,-0.951342 
55,21,-0.805559 
55,22,-0.719947 
55,23,-0.580487 
55,24,-0.368929 
55,25,-0.253360 
55,26,0.009267 
55,27,0.348308 
55,28,0.530412 
55,29,0.661884 
55,30,0.634780 
55,31,0.635759 
55,32,0.618928 
55,33,0.489381 
55,34,0.352612 
55,35,0.162618 
55,36,0.030110 
55,37,-0.098056 
55,38,-0.142124 
55,39,-0.182767 
55,40,-0.204568 
55,41,-0.278714 
55,42,-0.231194 
55,43,-0.084126 
55,44,-0.157542 
55,45,-0.244710 
55,46,-0.331375 
55,47,-0.501194 
55,48,-0.568812 
55,49,-0.553564 
55,50,-0.596912 
55,51,-0.619438 
55,52,-0.600107 
55,53,-0.484695 
55,54,-0.477709 
55,55,-0.496342 
55,56,-0.380559 
55,57,-0.287352 
55,58,-0.230516 
55,59,-0.174927 
55,60,-0.132016 
55,61,-0.073104 
55,62,-0.019431 
55,63,-0.127640 
56,0,-0.278605 
56,1,-0.275471 
56,2,-0.209068 
56,3,-0.096893 
56,4,0.056840 
56,5,0.133692 
56,6,0.070468 
56,7,-0.085084 
56,8,-0.246216 
56,9,-0.487767 
56,10,-0.597292 
56,11,-0.783900 
56,12,-0.974222 
56,13,-1.083359 
56,14,-1.078650 
56,15,-0.854356 
56,16,-0.664568 
56,17,-0.636726 
56,18,-0.729384 
56,19,-0.747919 
56,20,-0.765918 
56,21,-0.669030 
56,22,-0.593580 
56,23,-0.458824 
56,24,-0.228211 
56,25,-0.174350 
56,26,-0.005685 
56,27,0.273548 
56,28,0.395966 
56,29,0.540698 
56,30,0.554486 
56,31,0.531809 
56,32,0.517376 
56,33,0.438519 
56,34,0.331796 
56,35,0.110575 
56,36,-0.006335 
56,37,-0.092795 
56,38,-0.096751 
56,39,-0.142833 
56,40,-0.196299 
56,41,-0.265143 
56,42,-0.302672 
56,43,-0.139761 
56,44,-0.144158 
56,45,-0.291288 
56,46,-0.397978 
56,47,-0.559395 
56,48,-0.583108 
56,49,-0.549996 
56,50,-0.516137 
56,51,-0.504855 
56,52,-0.541066 
56,53,-0.372441 
56,54,-0.218320 
56,55,-0.161751 
56,56,-0.144918 
56,57,-0.001846 
56,58,0.146719 
56,59,0.108716 
56,60,0.017293 
56,61,0.036762 
56,62,0.059428 
56,63,-0.058738 
57,0,-0.221539 
57,1,-0.170091 
57,2,-0.101382 
57,3,0.008804 
57,4,0.168821 
57,5,0.219622 
57,6,0.308957 
57,7,0.207212 
57,8,-0.133836 
57,9,-0.417002 
57,10,-0.471808 
57,11,-0.608889 
57,12,-0.871083 
57,13,-1.023555 
57,14,-1.107761 
57,15,-0.990310 
57,16,-0.789684 
57,17,-0.676840 
57,18,-0.561745 
57,19,-0.538339 
57,20,-0.597440 
57,21,-0.506624 
57,22,-0.467900 
57,23,-0.399184 
57,24,-0.200621 
57,25,-0.155753 
57,26,-0.100742 
57,27,0.102874 
57,28,0.254082 
57,29,0.393287 
57,30,0.439496 
57,31,0.365688 
57,32,0.333606 
57,33,0.252269 
57,34,0.167843 
57,35,0.090791 
57,36,-0.043407 
57,37,-0.203812 
57,38,-0.186499 
57,39,-0.125228 
57,40,-0.142209 
57,41,-0.203421 
57,42,-0.252398 
57,43,-0.115981 
57,44,-0.085067 
57,45,-0.298355 
57,46,-0.523978 
57,47,-0.683356 
57,48,-0.581430 
57,49,-0.476055 
57,50,-0.422345 
57,51,-0.367870 
57,52,-0.413718 
57,53,-0.247460 
57,54,-0.062333 
57,55,0.079521 
57,56,0.206622 
57,57,0.319383 
57,58,0.365798 
57,59,0.326722 
57,60,0.214703 
57,61,0.154718 
57,62,0.104606 
57,63,-0.142860 
58,0,-0.243687 
58,1,-0.104289 
58,2,-0.019402 
58,3,0.103633 
58,4,0.360592 
58,5,0.481422 
58,6,0.556024 
58,7,0.337334 
58,8,-0.015649 
58,9,-0.183438 
58,10,-0.299264 
58,11,-0.470953 
58,12,-0.722616 
58,13,-0.839342 
58,14,-0.974581 
58,15,-0.962075 
58,16,-0.843177 
58,17,-0.736182 
58,18,-0.555849 
58,19,-0.598721 
58,20,-0.620651 
58,21,-0.477626 
58,22,-0.394128 
58,23,-0.312407 
58,24,-0.186030 
58,25,-0.170240 
58,26,-0.122011 
58,27,0.097047 
58,28,0.223975 
58,29,0.316841 
58,30,0.420269 
58,31,0.317732 
58,32,0.266871 
58,33,0.154273 
58,34,-0.044948 
58,35,-0.082338 
58,36,-0.067848 
58,37,-0.162581 
58,38,-0.231300 
58,39,-0.142188 
58,40,-0.093462 
58,41,-0.143556 
58,42,-0.178903 
58,43,-0.030977 
58,44,0.034960 
58,45,-0.224185 
58,46,-0.490070 
58,47,-0.594617 
58,48,-0.507157 
58,49,-0.479776 
58,50,-0.375768 
58,51,-0.241418 
58,52,-0.265146 
58,53,-0.078444 
58,54,0.041098 
58,55,0.188822 
58,56,0.390524 
58,57,0.432837 
58,58,0.426363 
58,59,0.426939 
58,60,0.326712 
58,61,0.255733 
58,62,0.228852 
58,63,-0.233624 
59,0,-0.232370 
59,1,-0.106624 
59,2,0.045691 
59,3,0.258717 
59,4,0.524785 
59,5,0.674335 
59,6,0.653580 
59,7,0.451924 
59,8,0.142624 
59,9,-0.073584 
59,10,-0.237259 
59,11,-0.416081 
59,12,-0.526830 
59,13,-0.593029 
59,14,-0.741869 
59,15,-0.817000 
59,16,-0.794761 
59,17,-0.746123 
59,18,-0.637002 
59,19,-0.601449 
59,20,-0.577427 
59,21,-0.459799 
59,22,-0.368400 
59,23,-0.268498 
59,24,-0.137977 
59,25,-0.162733 
59,26,-0.089398 
59,27,0.072946 
59,28,0.123681 
59,29,0.194186 
59,30,0.304988 
59,31,0.314824 
59,32,0.283062 
59,33,0.209341 
59,34,0.039247 
59,35,-0.063639 
59,36,-0.057286 
59,37,-0.097598 
59,38,-0.245913 
59,39,-0.229239 
59,40,-0.129081 
59,41,-0.127254 
59,42,-0.078256 
59,43,-0.014078 
59,44,-0.008274 
59,45,-0.184858 
59,46,-0.369324 
59,47,-0.438378 
59,48,-0.363995 
59,49,-0.317737 
59,50,-0.215309 
59,51,-0.074165 
59,52,-0.087919 
59,53,0.064673 
59,54,0.132067 
59,55,0.236756 
59,56,0.471058 
59,57,0.507433 
59,58,0.510102 
59,59,0.462245 
59,60,0.296929 
59,61,0.271316 
59,62,0.366766 
59,63,-0.271920 
60,0,-0.116639 
60,1,0.082018 
60,2,0.187127 
60,3,0.352660 
60,4,0.577030 
60,5,0.686776 
60,6,0.597374 
60,7,0.464792 
60,8,0.152162 
60,9,-0.140486 
60,10,-0.240734 
60,11,-0.346023 
60,12,-0.394855 
60,13,-0.459449 
60,14,-0.561319 
60,15,-0.667303 
60,16,-0.691680 
60,17,-0.670803 
60,18,-0.607215 
60,19,-0.471008 
60,20,-0.406149 
60,21,-0.312197 
60,22,-0.306038 
60,23,-0.287920 
60,24,-0.151498 
60,25,-0.210048 
60,26,-0.104004 
60,27,0.013632 
60,28,0.078209 
60,29,0.212701 
60,30,0.245746 
60,31,0.283597 
60,32,0.206411 
60,33,0.135623 
60,34,0.113729 
60,35,0.017510 
60,36,-0.045463 
60,37,-0.073804 
60,38,-0.156085 
60,39,-0.076356 
60,40,-0.031979 
60,41,-0.076612 
60,42,-0.005647 
60,43,-0.080613 
60,44,-0.053902 
60,45,-0.060248 
60,46,-0.196537 
60,47,-0.261221 
60,48,-0.197465 
60,49,-0.145020 
60,50,-0.048068 
60,51,0.094758 
60,52,0.055155 
60,53,0.137903 
60,54,0.209588 
60,55,0.322869 
60,56,0.544234 
60,57,0.529379 
60,58,0.478172 
60,59,0.345217 
60,60,0.156028 
60,61,0.191323 
60,62,0.326071 
60,63,-0.240247 
61,0,-0.000819 
61,1,0.349760 
61,2,0.495491 
61,3,0.528623 
61,4,0.699183 
61,5,0.752661 
61,6,0.636101 
61,7,0.491358 
61,8,0.188526 
61,9,-0.094920 
61,10,-0.243960 
61,11,-0.321009 
61,12,-0.325738 
61,13,-0.385821 
61,14,-0.463300 
61,15,-0.506206 
61,16,-0.575366 
61,17,-0.569215 
61,18,-0.453441 
61,19,-0.270347 
61,20,-0.196317 
61,21,-0.125632 
61,22,-0.112308 
61,23,-0.188413 
61,24,-0.206613 
61,25,-0.254396 
61,26,-0.161303 
61,27,-0.049402 
61,28,0.028177 
61,29,0.128893 
61,30,0.142029 
61,31,0.129132 
61,32,0.068790 
61,33,0.026027 
61,34,0.068654 
61,35,0.061871 
61,36,-0.017410 
61,37,-0.105081 
61,38,-0.122892 
61,39,0.028341 
61,40,0.102256 
61,41,0.054575 
61,42,0.004851 
61,43,-0.093205 
61,44,-0.047264 
61,45,-0.004092 
61,46,-0.052877 
61,47,-0.063331 
61,48,-0.033258 
61,49,-0.010246 
61,50,0.089986 
61,51,0.205679 
61,52,0.215896 
61,53,0.234718 
61,54,0.288163 
61,55,0.402757 
61,56,0.440636 
61,57,0.339204 
61,58,0.288024 
61,59,0.231062 
61,60,0.106917 
61,61,0.108135 
61,62,0.250523 
61,63,-0.072993 
62,0,0.073083 
62,1,0.399893 
62,2,0.705301 
62,3,0.725512 
62,4,0.757006 
62,5,0.702277 
62,6,0.588158 
62,7,0.473517 
62,8,0.289329 
62,9,0.093959 
62,10,-0.146547 
62,11,-0.251310 
62,12,-0.212762 
62,13,-0.253903 
62,14,-0.271464 
62,15,-0.208664 
62,16,-0.287772 
62,17,-0.260984 
62,18,-0.221317 
62,19,-0.135915 
62,20,-0.038201 
62,21,0.037707 
62,22,0.108160 
62,23,-0.016882 
62,24,-0.180476 
62,25,-0.208853 
62,26,-0.222863 
62,27,-0.217252 
62,28,-0.153626 
62,29,-0.102033 
62,30,-0.002494 
62,31,0.042065 
62,32,0.076326 
62,33,0.109516 
62,34,0.070429 
62,35,0.015963 
62,36,-0.083155 
62,37,-0.215580 
62,38,-0.270166 
62,39,-0.144326 
62,40,0.013173 
62,41,0.022180 
62,42,0.006726 
62,43,0.013200 
62,44,0.025587 
62,45,0.071765 
62,46,0.087318 
62,47,0.121850 
62,48,0.173527 
62,49,0.211088 
62,50,0.255452 
62,51,0.291702 
62,52,0.354919 
62,53,0.310948 
62,54,0.261537 
62,55,0.274714 
62,56,0.280494 
62,57,0.273962 
62,58,0.155481 
62,59,0.095275 
62,60,0.069215 
62,61,0.081270 
62,62,0.231673 
62,63,-0.004947 
63,0,0.187570 
63,1,0.413230 
63,2,0.683081 
63,3,0.818217 
63,4,0.712967 
63,5,0.552727 
63,6,0.433386 
63,7,0.379700 
63,8,0.385809 
63,9,0.261469 
63,10,0.018399 
63,11,-0.130545 
63,12,-0.170320 
63,13,-0.166856 
63,14,-0.116991 
63,15,-0.089834 
63,16,-0.107913 
63,17,-0.061597 
63,18,-0.009647 
63,19,0.056693 
63,20,0.156037 
63,21,0.264112 
63,22,0.277728 
63,23,0.163999 
63,24,-0.019522 
63,25,-0.204951 
63,26,-0.272272 
63,27,-0.277813 
63,28,-0.240383 
63,29,-0.229733 
63,30,-0.065381 
63,31,0.148684 
63,32,0.176196 
63,33,0.105103 
63,34,0.013668 
63,35,-0.097129 
63,36,-0.242780 
63,37,-0.372813 
63,38,-0.429526 
63,39,-0.260274 
63,40,-0.037681 
63,41,0.021136 
63,42,-0.026821 
63,43,-0.013150 
63,44,-0.002571 
63,45,-0.007217 
63,46,0.081490 
63,47,0.172881 
63,48,0.278613 
63,49,0.339424 
63,50,0.355764 
63,51,0.401387 
63,52,0.433954 
63,53,0.327497 
63,54,0.209254 
63,55,0.159410 
63,56,0.164356 
63,57,0.129678 
63,58,0.035114 
63,59,-0.000389 
63,60,-0.033700 
63,61,-0.028224 
63,62,0.078511 
63,63,0.000000 
