64,64
0,0,0.005305 
0,1,-0.088569 
0,2,-0.156583 
0,3,-0.066209 
0,4,-0.086334 
0,5,-0.201000 
0,6,-0.175834 
0,7,0.043220 
0,8,0.259859 
0,9,0.210900 
0,10,0.132892 
0,11,0.333404 
0,12,0.526397 
0,13,0.347593 
0,14,0.112916 
0,15,0.000000 
0,16,-0.188994 
0,17,-0.256338 
0,18,-0.177991 
0,19,-0.242850 
0,20,-0.198356 
0,21,-0.026646 
0,22,0.061953 
0,23,0.063196 
0,24,0.032843 
0,25,0.061473 
0,26,0.070646 
0,27,0.122498 
0,28,0.077703 
0,29,0.037222 
0,30,0.011596 
0,31,0.000000 
0,32,0.072706 
0,33,-0.067696 
0,34,-0.235528 
0,35,-0.467050 
0,36,-0.580130 
0,37,-0.562369 
0,38,-0.600199 
0,39,-0.521101 
0,40,-0.550167 
0,41,-0.515525 
0,42,-0.375035 
0,43,-0.413718 
0,44,-0.428130 
0,45,-0.341928 
0,46,-0.254900 
0,47,0.000000 
0,48,0.297427 
0,49,0.291477 
0,50,0.167868 
0,51,0.173722 
0,52,0.182356 
0,53,0.114865 
0,54,0.125199 
0,55,0.218076 
0,56,0.153791 
0,57,0.117357 
0,58,0.109129 
0,59,0.106368 
0,60,0.217612 
0,61,0.116585 
0,62,0.022996 
0,63,-0.220192 
1,0,-0.182268 
1,1,-0.112083 
1,2,-0.077705 
1,3,-0.033051 
1,4,0.004554 
1,5,0.003866 
1,6,-0.053411 
1,7,0.006458 
1,8,0.216299 
1,9,0.339259 
1,10,0.291547 
1,11,0.369719 
1,12,0.531882 
1,13,0.452321 
1,14,0.299426 
1,15,0.165860 
1,16,0.061808 
1,17,0.002924 
1,18,0.020669 
1,19,-0.023306 
1,20,-0.034837 
1,21,0.088751 
1,22,0.132159 
1,23,0.059264 
1,24,0.067682 
1,25,0.179192 
1,26,0.200775 
1,27,0.159446 
1,28,0.093877 
1,29,0.131168 
1,30,0.126083 
1,31,0.068092 
1,32,0.071912 
1,33,-0.005329 
1,34,-0.168048 
1,35,-0.343438 
1,36,-0.341630 
1,37,-0.387694 
1,38,-0.468287 
1,39,-0.380038 
1,40,-0.443257 
1,41,-0.491914 
1,42,-0.375505 
1,43,-0.365085 
1,44,-0.364244 
1,45,-0.254953 
1,46,-0.082281 
1,47,0.142889 
1,48,0.373119 
1,49,0.387899 
1,50,0.380056 
1,51,0.406561 
1,52,0.304663 
1,53,0.292307 
1,54,0.267476 
1,55,0.220620 
1,56,0.187692 
1,57,0.091441 
1,58,0.002037 
1,59,-0.007285 
1,60,0.006310 
1,61,-0.027209 
1,62,-0.094342 
1,63,-0.409774 
2,0,-0.415977 
2,1,-0.300317 
2,2,-0.087319 
2,3,0.032615 
2,4,0.070934 
2,5,0.109324 
2,6,0.120658 
2,7,0.142985 
2,8,0.179157 
2,9,0.335507 
2,10,0.415577 
2,11,0.436078 
2,12,0.466235 
2,13,0.405894 
2,14,0.401818 
2,15,0.339426 
2,16,0.293908 
2,17,0.215660 
2,18,0.178667 
2,19,0.146481 
2,20,0.068698 
2,21,0.142285 
2,22,0.229971 
2,23,0.170772 
2,24,0.105747 
2,25,0.203553 
2,26,0.321689 
2,27,0.253902 
2,28,0.129529 
2,29,0.187354 
2,30,0.191953 
2,31,0.081673 
2,32,0.004044 
2,33,-0.005428 
2,34,-0.112733 
2,35,-0.176361 
2,36,-0.117189 
2,37,-0.297834 
2,38,-0.433381 
2,39,-0.333310 
2,40,-0.336796 
2,41,-0.373126 
2,42,-0.305411 
2,43,-0.264768 
2,44,-0.168703 
2,45,0.018658 
2,46,0.191197 
2,47,0.289655 
2,48,0.476460 
2,49,0.531056 
2,50,0.535951 
2,51,0.514284 
2,52,0.351073 
2,53,0.436030 
2,54,0.517363 
2,55,0.466226 
2,56,0.373956 
2,57,0.148444 
2,58,-0.060940 
2,59,-0.142466 
2,60,-0.226550 
2,61,-0.215610 
2,62,-0.246638 
2,63,-0.372676 
3,0,-0.374462 
3,1,-0.364994 
3,2,-0.122159 
3,3,0.104184 
3,4,0.189741 
3,5,0.224571 
3,6,0.187976 
3,7,0.169311 
3,8,0.159954 
3,9,0.297434 
3,10,0.467156 
3,11,0.469295 
3,12,0.279328 
3,13,0.158018 
3,14,0.228308 
3,15,0.273562 
3,16,0.282151 
3,17,0.237328 
3,18,0.177322 
3,19,0.125030 
3,20,0.063072 
3,21,0.049883 
3,22,0.198637 
3,23,0.263703 
3,24,0.229117 
3,25,0.341062 
3,26,0.451554 
3,27,0.414808 
3,28,0.274728 
3,29,0.263733 
3,30,0.234852 
3,31,0.067597 
3,32,-0.069252 
3,33,-0.066763 
3,34,-0.104015 
3,35,-0.148552 
3,36,-0.089649 
3,37,-0.217173 
3,38,-0.274853 
3,39,-0.172099 
3,40,-0.189759 
3,41,-0.152475 
3,42,-0.084868 
3,43,-0.048042 
3,44,0.104540 
3,45,0.245045 
3,46,0.349189 
3,47,0.381431 
3,48,0.489550 
3,49,0.605080 
3,50,0.594431 
3,51,0.545107 
3,52,0.430826 
3,53,0.419235 
3,54,0.532913 
3,55,0.543345 
3,56,0.394809 
3,57,0.196040 
3,58,0.017660 
3,59,-0.126770 
3,60,-0.283129 
3,61,-0.408414 
3,62,-0.517677 
3,63,-0.229758 
4,0,-0.164782 
4,1,-0.197667 
4,2,-0.066129 
4,3,0.106733 
4,4,0.287912 
4,5,0.390707 
4,6,0.271954 
4,7,0.200221 
4,8,0.165992 
4,9,0.269367 
4,10,0.365305 
4,11,0.232640 
4,12,0.023737 
4,13,0.012931 
4,14,0.071179 
4,15,0.133652 
4,16,0.200435 
4,17,0.196827 
4,18,0.143416 
4,19,0.118646 
4,20,0.156072 
4,21,0.143011 
4,22,0.241064 
4,23,0.293346 
4,24,0.277371 
4,25,0.382569 
4,26,0.471347 
4,27,0.468604 
4,28,0.431437 
4,29,0.491423 
4,30,0.510632 
4,31,0.352289 
4,32,0.120651 
4,33,0.063684 
4,34,0.019237 
4,35,-0.072949 
4,36,-0.035024 
4,37,-0.094392 
4,38,-0.104803 
4,39,-0.063634 
4,40,-0.153775 
4,41,-0.091152 
4,42,0.025616 
4,43,0.094247 
4,44,0.324668 
4,45,0.445655 
4,46,0.483274 
4,47,0.474254 
4,48,0.419469 
4,49,0.508870 
4,50,0.533756 
4,51,0.495971 
4,52,0.482905 
4,53,0.428822 
4,54,0.439904 
4,55,0.378120 
4,56,0.249996 
4,57,0.177125 
4,58,0.108337 
4,59,-0.030309 
4,60,-0.190472 
4,61,-0.394674 
4,62,-0.640880 
4,63,-0.133605 
5,0,-0.082397 
5,1,-0.090147 
5,2,-0.003399 
5,3,0.140363 
5,4,0.296167 
5,5,0.422093 
5,6,0.391176 
5,7,0.255614 
5,8,0.144051 
5,9,0.201646 
5,10,0.141453 
5,11,-0.032004 
5,12,-0.134178 
5,13,-0.124323 
5,14,0.001677 
5,15,0.116365 
5,16,0.207968 
5,17,0.234141 
5,18,0.181183 
5,19,0.200916 
5,20,0.313172 
5,21,0.324102 
5,22,0.386651 
5,23,0.413654 
5,24,0.376044 
5,25,0.457178 
5,26,0.487136 
5,27,0.527623 
5,28,0.649960 
5,29,0.787877 
5,30,0.855059 
5,31,0.691677 
5,32,0.456656 
5,33,0.260851 
5,34,0.061155 
5,35,0.022227 
5,36,0.104525 
5,37,0.082641 
5,38,0.053225 
5,39,0.024671 
5,40,-0.000107 
5,41,0.064165 
5,42,0.097166 
5,43,0.226763 
5,44,0.386755 
5,45,0.403688 
5,46,0.426725 
5,47,0.495801 
5,48,0.480560 
5,49,0.426976 
5,50,0.481146 
5,51,0.462828 
5,52,0.409236 
5,53,0.378458 
5,54,0.351055 
5,55,0.255950 
5,56,0.173690 
5,57,0.231056 
5,58,0.144705 
5,59,-0.005144 
5,60,-0.167995 
5,61,-0.422378 
5,62,-0.596448 
5,63,-0.110798 
6,0,-0.088964 
6,1,-0.067937 
6,2,0.029395 
6,3,0.177446 
6,4,0.270554 
6,5,0.392450 
6,6,0.428400 
6,7,0.217018 
6,8,0.047219 
6,9,0.086410 
6,10,-0.015117 
6,11,-0.125107 
6,12,-0.198205 
6,13,-0.242061 
6,14,-0.069938 
6,15,0.070359 
6,16,0.152885 
6,17,0.176575 
6,18,0.141271 
6,19,0.235140 
6,20,0.431705 
6,21,0.441305 
6,22,0.479001 
6,23,0.502322 
6,24,0.441891 
6,25,0.519536 
6,26,0.570354 
6,27,0.729660 
6,28,0.926364 
6,29,1.025679 
6,30,1.106066 
6,31,0.914917 
6,32,0.678589 
6,33,0.380959 
6,34,0.053755 
6,35,0.064375 
6,36,0.152941 
6,37,0.120066 
6,38,0.208498 
6,39,0.265696 
6,40,0.270000 
6,41,0.303237 
6,42,0.207771 
6,43,0.314793 
6,44,0.419139 
6,45,0.390413 
6,46,0.380594 
6,47,0.519905 
6,48,0.686051 
6,49,0.601936 
6,50,0.552362 
6,51,0.413974 
6,52,0.263228 
6,53,0.218458 
6,54,0.258747 
6,55,0.251735 
6,56,0.154664 
6,57,0.251594 
6,58,0.175659 
6,59,0.047092 
6,60,-0.093067 
6,61,-0.348871 
6,62,-0.417837 
6,63,-0.184989 
7,0,-0.165911 
7,1,-0.071655 
7,2,0.026260 
7,3,0.194683 
7,4,0.344811 
7,5,0.368761 
7,6,0.284610 
7,7,0.159154 
7,8,-0.025166 
7,9,-0.105161 
7,10,-0.144693 
7,11,-0.162780 
7,12,-0.200929 
7,13,-0.193441 
7,14,-0.004454 
7,15,0.114749 
7,16,0.180406 
7,17,0.283546 
7,18,0.310040 
7,19,0.441539 
7,20,0.634696 
7,21,0.674879 
7,22,0.704792 
7,23,0.602832 
7,24,0.471601 
7,25,0.511883 
7,26,0.729351 
7,27,0.976737 
7,28,1.103223 
7,29,1.231969 
7,30,1.289057 
7,31,1.063453 
7,32,0.730036 
7,33,0.454920 
7,34,0.280126 
7,35,0.278404 
7,36,0.233985 
7,37,0.177592 
7,38,0.313659 
7,39,0.434592 
7,40,0.479849 
7,41,0.530726 
7,42,0.425496 
7,43,0.400104 
7,44,0.438359 
7,45,0.351093 
7,46,0.435329 
7,47,0.640330 
7,48,0.773519 
7,49,0.757768 
7,50,0.596783 
7,51,0.395959 
7,52,0.225593 
7,53,0.163344 
7,54,0.211092 
7,55,0.266980 
7,56,0.286030 
7,57,0.363676 
7,58,0.304140 
7,59,0.087208 
7,60,-0.032321 
7,61,-0.152229 
7,62,-0.244306 
7,63,-0.038241 
8,0,-0.050832 
8,1,0.078557 
8,2,0.153657 
8,3,0.331467 
8,4,0.449803 
8,5,0.259051 
8,6,-0.001587 
8,7,-0.080471 
8,8,-0.119038 
8,9,-0.135483 
8,10,-0.204078 
8,11,-0.239133 
8,12,-0.286812 
8,13,-0.291465 
8,14,-0.035512 
8,15,0.121759 
8,16,0.154450 
8,17,0.327740 
8,18,0.421471 
8,19,0.572133 
8,20,0.760527 
8,21,0.863858 
8,22,0.945665 
8,23,0.777021 
8,24,0.661286 
8,25,0.725724 
8,26,0.906336 
8,27,1.039141 
8,28,1.113001 
8,29,1.290140 
8,30,1.243792 
8,31,0.932116 
8,32,0.651242 
8,33,0.556239 
8,34,0.510473 
8,35,0.461715 
8,36,0.386972 
8,37,0.390904 
8,38,0.412091 
8,39,0.443613 
8,40,0.538231 
8,41,0.611434 
8,42,0.549048 
8,43,0.472560 
8,44,0.459127 
8,45,0.295296 
8,46,0.404717 
8,47,0.596231 
8,48,0.700065 
8,49,0.783300 
8,50,0.602006 
8,51,0.426092 
8,52,0.202481 
8,53,0.076037 
8,54,0.122129 
8,55,0.224768 
8,56,0.330362 
8,57,0.377028 
8,58,0.387801 
8,59,0.147695 
8,60,-0.066089 
8,61,-0.187148 
8,62,-0.258083 
8,63,0.144847 
9,0,0.174723 
9,1,0.243098 
9,2,0.297862 
9,3,0.476063 
9,4,0.463872 
9,5,0.154774 
9,6,-0.129118 
9,7,-0.223517 
9,8,-0.157159 
9,9,-0.132259 
9,10,-0.182264 
9,11,-0.219843 
9,12,-0.250441 
9,13,-0.271920 
9,14,-0.159128 
9,15,-0.019273 
9,16,0.131526 
9,17,0.328103 
9,18,0.406597 
9,19,0.591124 
9,20,0.828204 
9,21,0.958191 
9,22,1.020541 
9,23,0.954910 
9,24,0.829658 
9,25,0.820327 
9,26,0.891041 
9,27,0.921331 
9,28,1.105949 
9,29,1.236345 
9,30,1.077217 
9,31,0.812569 
9,32,0.678026 
9,33,0.666659 
9,34,0.611929 
9,35,0.613941 
9,36,0.588604 
9,37,0.499488 
9,38,0.462733 
9,39,0.489324 
9,40,0.552124 
9,41,0.606224 
9,42,0.531223 
9,43,0.400133 
9,44,0.376781 
9,45,0.365168 
9,46,0.435222 
9,47,0.463955 
9,48,0.575078 
9,49,0.746876 
9,50,0.633103 
9,51,0.427666 
9,52,0.102431 
9,53,-0.114839 
9,54,-0.014043 
9,55,0.119836 
9,56,0.212170 
9,57,0.300485 
9,58,0.302075 
9,59,0.193268 
9,60,-0.022750 
9,61,-0.219569 
9,62,-0.199268 
9,63,0.312580 
10,0,0.355144 
10,1,0.324755 
10,2,0.306659 
10,3,0.441703 
10,4,0.456207 
10,5,0.217542 
10,6,-0.075922 
10,7,-0.191287 
10,8,-0.131935 
10,9,-0.199449 
10,10,-0.147754 
10,11,-0.076218 
10,12,-0.062862 
10,13,-0.091081 
10,14,-0.094753 
10,15,0.037507 
10,16,0.237053 
10,17,0.399251 
10,18,0.469394 
10,19,0.675064 
10,20,0.836336 
10,21,0.886032 
10,22,0.914837 
10,23,0.943592 
10,24,0.830563 
10,25,0.781849 
10,26,0.888014 
10,27,0.948008 
10,28,1.105182 
10,29,1.072541 
10,30,0.894052 
10,31,0.766396 
10,32,0.698350 
10,33,0.649038 
10,34,0.605919 
10,35,0.698625 
10,36,0.719479 
10,37,0.544545 
10,38,0.442278 
10,39,0.447884 
10,40,0.455524 
10,41,0.469264 
10,42,0.422656 
10,43,0.294278 
10,44,0.200668 
10,45,0.273834 
10,46,0.450287 
10,47,0.427944 
10,48,0.383473 
10,49,0.502494 
10,50,0.457523 
10,51,0.234222 
10,52,-0.020299 
10,53,-0.154344 
10,54,-0.145633 
10,55,-0.151823 
10,56,-0.071076 
10,57,0.071964 
10,58,0.074660 
10,59,0.107142 
10,60,0.038729 
10,61,-0.063231 
10,62,-0.037777 
10,63,0.379399 
11,0,0.441568 
11,1,0.351046 
11,2,0.284232 
11,3,0.377041 
11,4,0.355288 
11,5,0.218627 
11,6,0.040064 
11,7,-0.118082 
11,8,-0.197068 
11,9,-0.219372 
11,10,-0.124080 
11,11,-0.064651 
11,12,-0.019806 
11,13,0.026382 
11,14,0.093744 
11,15,0.196169 
11,16,0.293984 
11,17,0.366196 
11,18,0.491938 
11,19,0.623690 
11,20,0.687476 
11,21,0.711848 
11,22,0.738226 
11,23,0.726329 
11,24,0.632887 
11,25,0.677352 
11,26,0.825999 
11,27,0.983041 
11,28,1.052872 
11,29,1.004947 
11,30,0.866507 
11,31,0.697768 
11,32,0.711444 
11,33,0.693249 
11,34,0.615814 
11,35,0.647600 
11,36,0.633936 
11,37,0.522894 
11,38,0.412171 
11,39,0.318265 
11,40,0.279622 
11,41,0.336089 
11,42,0.378008 
11,43,0.294336 
11,44,0.238938 
11,45,0.264233 
11,46,0.388577 
11,47,0.348991 
11,48,0.151243 
11,49,0.155917 
11,50,0.131135 
11,51,0.009924 
11,52,-0.097400 
11,53,-0.217276 
11,54,-0.253009 
11,55,-0.305251 
11,56,-0.344378 
11,57,-0.190329 
11,58,-0.119136 
11,59,-0.142296 
11,60,-0.115085 
11,61,-0.090136 
11,62,-0.093302 
11,63,0.268042 
12,0,0.341598 
12,1,0.192192 
12,2,0.118810 
12,3,0.202658 
12,4,0.090962 
12,5,-0.005140 
12,6,-0.070347 
12,7,-0.265617 
12,8,-0.396599 
12,9,-0.289040 
12,10,-0.133135 
12,11,-0.095549 
12,12,-0.034238 
12,13,0.117415 
12,14,0.179326 
12,15,0.167845 
12,16,0.326591 
12,17,0.436703 
12,18,0.518557 
12,19,0.526577 
12,20,0.532615 
12,21,0.536199 
12,22,0.598203 
12,23,0.589194 
12,24,0.443685 
12,25,0.526422 
12,26,0.622749 
12,27,0.769795 
12,28,0.877274 
12,29,0.940500 
12,30,0.974642 
12,31,0.881942 
12,32,0.807489 
12,33,0.639410 
12,34,0.469591 
12,35,0.404077 
12,36,0.349986 
12,37,0.311458 
12,38,0.320180 
12,39,0.248809 
12,40,0.169252 
12,41,0.290000 
12,42,0.374263 
12,43,0.257588 
12,44,0.280975 
12,45,0.285257 
12,46,0.258921 
12,47,0.150843 
12,48,0.004771 
12,49,0.080393 
12,50,0.006582 
12,51,-0.081849 
12,52,-0.122779 
12,53,-0.299071 
12,54,-0.281462 
12,55,-0.280966 
12,56,-0.406554 
12,57,-0.255463 
12,58,-0.163420 
12,59,-0.263425 
12,60,-0.231688 
12,61,-0.162122 
12,62,-0.127036 
12,63,0.134926 
13,0,0.252809 
13,1,0.165192 
13,2,0.029686 
13,3,0.093044 
13,4,0.048472 
13,5,-0.080568 
13,6,-0.231557 
13,7,-0.348495 
13,8,-0.381749 
13,9,-0.351923 
13,10,-0.204065 
13,11,-0.114153 
13,12,-0.048138 
13,13,0.075756 
13,14,0.167316 
13,15,0.208330 
13,16,0.306057 
13,17,0.421096 
13,18,0.503906 
13,19,0.440408 
13,20,0.418823 
13,21,0.397477 
13,22,0.455413 
13,23,0.459788 
13,24,0.300140 
13,25,0.420340 
13,26,0.579745 
13,27,0.646397 
13,28,0.687397 
13,29,0.796691 
13,30,0.955446 
13,31,0.944140 
13,32,0.774215 
13,33,0.476692 
13,34,0.244622 
13,35,0.228405 
13,36,0.254833 
13,37,0.210149 
13,38,0.130958 
13,39,0.105642 
13,40,0.150327 
13,41,0.254643 
13,42,0.300986 
13,43,0.207094 
13,44,0.268319 
13,45,0.295046 
13,46,0.183690 
13,47,-0.010941 
13,48,-0.102511 
13,49,0.022879 
13,50,-0.044286 
13,51,-0.176745 
13,52,-0.201120 
13,53,-0.277197 
13,54,-0.277127 
13,55,-0.261222 
13,56,-0.314368 
13,57,-0.293885 
13,58,-0.242183 
13,59,-0.257084 
13,60,-0.275068 
13,61,-0.206137 
13,62,-0.104139 
13,63,0.183662 
14,0,0.269641 
14,1,0.136467 
14,2,-0.044468 
14,3,0.036830 
14,4,0.019410 
14,5,-0.186919 
14,6,-0.364486 
14,7,-0.343996 
14,8,-0.238536 
14,9,-0.257407 
14,10,-0.201292 
14,11,-0.138465 
14,12,0.010578 
14,13,0.159469 
14,14,0.167181 
14,15,0.156076 
14,16,0.166045 
14,17,0.299944 
14,18,0.486716 
14,19,0.433418 
14,20,0.435757 
14,21,0.446974 
14,22,0.444383 
14,23,0.388840 
14,24,0.188203 
14,25,0.301363 
14,26,0.538949 
14,27,0.555579 
14,28,0.516278 
14,29,0.653099 
14,30,0.757073 
14,31,0.665338 
14,32,0.607009 
14,33,0.417120 
14,34,0.116297 
14,35,0.119660 
14,36,0.184667 
14,37,0.074001 
14,38,-0.045755 
14,39,0.026463 
14,40,0.174307 
14,41,0.227751 
14,42,0.308822 
14,43,0.323761 
14,44,0.288061 
14,45,0.230746 
14,46,0.187959 
14,47,0.042972 
14,48,-0.152899 
14,49,-0.152576 
14,50,-0.173789 
14,51,-0.284082 
14,52,-0.269381 
14,53,-0.256507 
14,54,-0.203076 
14,55,-0.071671 
14,56,-0.060925 
14,57,-0.174716 
14,58,-0.283222 
14,59,-0.344348 
14,60,-0.318777 
14,61,-0.183571 
14,62,-0.041051 
14,63,0.211027 
15,0,0.260340 
15,1,0.036666 
15,2,-0.143940 
15,3,-0.078015 
15,4,-0.067333 
15,5,-0.251462 
15,6,-0.377615 
15,7,-0.338026 
15,8,-0.144677 
15,9,-0.082246 
15,10,-0.049041 
15,11,-0.026796 
15,12,0.104133 
15,13,0.306400 
15,14,0.178980 
15,15,0.007211 
15,16,0.072898 
15,17,0.267150 
15,18,0.444088 
15,19,0.453864 
15,20,0.509219 
15,21,0.552852 
15,22,0.572264 
15,23,0.484874 
15,24,0.246946 
15,25,0.165725 
15,26,0.242218 
15,27,0.288898 
15,28,0.259876 
15,29,0.280020 
15,30,0.309486 
15,31,0.308648 
15,32,0.348593 
15,33,0.255524 
15,34,-0.014634 
15,35,-0.047014 
15,36,-0.013607 
15,37,-0.062939 
15,38,-0.033737 
15,39,0.050558 
15,40,0.085035 
15,41,0.058067 
15,42,0.235812 
15,43,0.291582 
15,44,0.130541 
15,45,0.083981 
15,46,0.124077 
15,47,0.066135 
15,48,-0.129583 
15,49,-0.196365 
15,50,-0.174444 
15,51,-0.212309 
15,52,-0.223732 
15,53,-0.219229 
15,54,-0.124361 
15,55,-0.041558 
15,56,-0.060902 
15,57,-0.082756 
15,58,-0.216363 
15,59,-0.380540 
15,60,-0.263219 
15,61,-0.072627 
15,62,0.041025 
15,63,0.000000 
16,0,0.137125 
16,1,-0.015733 
16,2,-0.206064 
16,3,-0.182398 
16,4,-0.137769 
16,5,-0.289895 
16,6,-0.347054 
16,7,-0.287680 
16,8,-0.112021 
16,9,-0.048075 
16,10,0.039387 
16,11,0.092627 
16,12,0.111049 
16,13,0.271145 
16,14,0.163721 
16,15,0.000000 
16,16,0.010412 
16,17,0.124187 
16,18,0.305488 
16,19,0.401337 
16,20,0.471108 
16,21,0.513261 
16,22,0.552093 
16,23,0.436971 
16,24,0.269655 
16,25,0.089185 
16,26,-0.002797 
16,27,0.070986 
16,28,0.070169 
16,29,-0.005167 
16,30,-0.064728 
16,31,0.000000 
16,32,0.026469 
16,33,-0.079694 
16,34,-0.220607 
16,35,-0.178043 
16,36,-0.147249 
16,37,-0.096585 
16,38,-0.060789 
16,39,-0.120020 
16,40,-0.015868 
16,41,0.052831 
16,42,0.161170 
16,43,0.100962 
16,44,-0.041209 
16,45,0.059627 
16,46,0.077238 
16,47,0.000000 
16,48,-0.118326 
16,49,-0.144065 
16,50,-0.082281 
16,51,-0.101547 
16,52,-0.151046 
16,53,-0.165849 
16,54,-0.099657 
16,55,-0.125426 
16,56,-0.227855 
16,57,-0.194892 
16,58,-0.224145 
16,59,-0.371024 
16,60,-0.306732 
16,61,-0.188486 
16,62,-0.060660 
16,63,-0.148909 
17,0,-0.020056 
17,1,-0.102057 
17,2,-0.249814 
17,3,-0.269171 
17,4,-0.310520 
17,5,-0.406015 
17,6,-0.420529 
17,7,-0.285954 
17,8,-0.155471 
17,9,-0.101554 
17,10,0.044237 
17,11,0.099926 
17,12,0.165884 
17,13,0.218736 
17,14,0.096036 
17,15,-0.043006 
17,16,-0.052029 
17,17,0.045302 
17,18,0.248906 
17,19,0.479779 
17,20,0.514491 
17,21,0.503162 
17,22,0.473165 
17,23,0.257366 
17,24,0.090141 
17,25,-0.042869 
17,26,-0.096575 
17,27,-0.050331 
17,28,-0.148322 
17,29,-0.269110 
17,30,-0.314301 
17,31,-0.340190 
17,32,-0.411548 
17,33,-0.445201 
17,34,-0.421853 
17,35,-0.332627 
17,36,-0.291687 
17,37,-0.264886 
17,38,-0.215739 
17,39,-0.197940 
17,40,-0.075838 
17,41,0.073024 
17,42,0.071357 
17,43,-0.052724 
17,44,-0.109547 
17,45,-0.000164 
17,46,0.080025 
17,47,0.005356 
17,48,-0.090730 
17,49,-0.084408 
17,50,-0.017036 
17,51,-0.039435 
17,52,-0.108450 
17,53,-0.136749 
17,54,-0.151155 
17,55,-0.120441 
17,56,-0.200581 
17,57,-0.252304 
17,58,-0.286421 
17,59,-0.441043 
17,60,-0.396542 
17,61,-0.325172 
17,62,-0.233306 
17,63,-0.130017 
18,0,-0.097693 
18,1,-0.188468 
18,2,-0.295613 
18,3,-0.368327 
18,4,-0.430953 
18,5,-0.396710 
18,6,-0.449933 
18,7,-0.332206 
18,8,-0.199268 
18,9,-0.111168 
18,10,0.032619 
18,11,0.040627 
18,12,0.150963 
18,13,0.116927 
18,14,-0.000773 
18,15,-0.094464 
18,16,-0.066784 
18,17,0.064453 
18,18,0.193859 
18,19,0.478126 
18,20,0.560503 
18,21,0.546620 
18,22,0.533077 
18,23,0.330842 
18,24,0.112517 
18,25,-0.033168 
18,26,-0.155804 
18,27,-0.251550 
18,28,-0.368148 
18,29,-0.470943 
18,30,-0.536259 
18,31,-0.695190 
18,32,-0.843126 
18,33,-0.757960 
18,34,-0.629179 
18,35,-0.558993 
18,36,-0.426518 
18,37,-0.352594 
18,38,-0.311278 
18,39,-0.208006 
18,40,-0.142307 
18,41,-0.004879 
18,42,0.000976 
18,43,-0.069689 
18,44,-0.084475 
18,45,-0.008733 
18,46,0.131634 
18,47,0.060544 
18,48,0.029336 
18,49,0.077870 
18,50,0.139130 
18,51,0.117124 
18,52,-0.050919 
18,53,-0.139549 
18,54,-0.241073 
18,55,-0.185184 
18,56,-0.185288 
18,57,-0.252285 
18,58,-0.259983 
18,59,-0.396254 
18,60,-0.344452 
18,61,-0.312499 
18,62,-0.263057 
18,63,-0.094411 
19,0,-0.135293 
19,1,-0.210299 
19,2,-0.315980 
19,3,-0.414640 
19,4,-0.422308 
19,5,-0.392549 
19,6,-0.393236 
19,7,-0.314650 
19,8,-0.193435 
19,9,-0.143568 
19,10,-0.169675 
19,11,-0.144704 
19,12,0.018219 
19,13,0.025203 
19,14,-0.061187 
19,15,-0.084565 
19,16,-0.028537 
19,17,0.071194 
19,18,0.210996 
19,19,0.416058 
19,20,0.521499 
19,21,0.581791 
19,22,0.586516 
19,23,0.410589 
19,24,0.267779 
19,25,0.135566 
19,26,-0.110359 
19,27,-0.246394 
19,28,-0.290069 
19,29,-0.393899 
19,30,-0.593806 
19,31,-0.862839 
19,32,-1.047721 
19,33,-1.044231 
19,34,-0.873813 
19,35,-0.708214 
19,36,-0.528464 
19,37,-0.421976 
19,38,-0.422877 
19,39,-0.239442 
19,40,-0.094310 
19,41,-0.033574 
19,42,-0.005935 
19,43,-0.026108 
19,44,-0.013365 
19,45,0.060805 
19,46,0.157569 
19,47,0.122875 
19,48,0.090304 
19,49,0.156394 
19,50,0.135158 
19,51,-0.017743 
19,52,-0.145841 
19,53,-0.244207 
19,54,-0.291336 
19,55,-0.247710 
19,56,-0.283401 
19,57,-0.344273 
19,58,-0.308962 
19,59,-0.299022 
19,60,-0.312528 
19,61,-0.278603 
19,62,-0.189131 
19,63,-0.101875 
20,0,-0.152909 
20,1,-0.138760 
20,2,-0.177770 
20,3,-0.241099 
20,4,-0.251603 
20,5,-0.306210 
20,6,-0.322835 
20,7,-0.337715 
20,8,-0.276253 
20,9,-0.317994 
20,10,-0.427829 
20,11,-0.291159 
20,12,-0.120229 
20,13,-0.106569 
20,14,-0.092730 
20,15,-0.001258 
20,16,0.046454 
20,17,0.058016 
20,18,0.251816 
20,19,0.419446 
20,20,0.465299 
20,21,0.574730 
20,22,0.605159 
20,23,0.426542 
20,24,0.301743 
20,25,0.135873 
20,26,-0.123230 
20,27,-0.181496 
20,28,-0.239440 
20,29,-0.421488 
20,30,-0.598475 
20,31,-0.821604 
20,32,-0.982507 
20,33,-1.051797 
20,34,-0.960729 
20,35,-0.801674 
20,36,-0.657732 
20,37,-0.585132 
20,38,-0.592602 
20,39,-0.312457 
20,40,-0.010248 
20,41,0.086270 
20,42,0.090765 
20,43,0.054914 
20,44,0.006930 
20,45,-0.037840 
20,46,-0.049746 
20,47,-0.085851 
20,48,-0.144396 
20,49,-0.071006 
20,50,-0.041953 
20,51,-0.187329 
20,52,-0.286618 
20,53,-0.418722 
20,54,-0.405392 
20,55,-0.372185 
20,56,-0.404064 
20,57,-0.420275 
20,58,-0.495012 
20,59,-0.490514 
20,60,-0.523256 
20,61,-0.414547 
20,62,-0.211032 
20,63,-0.186632 
21,0,-0.165827 
21,1,-0.120452 
21,2,-0.074203 
21,3,-0.078963 
21,4,-0.102782 
21,5,-0.103528 
21,6,-0.189649 
21,7,-0.343662 
21,8,-0.343354 
21,9,-0.341658 
21,10,-0.397648 
21,11,-0.368428 
21,12,-0.337475 
21,13,-0.201179 
21,14,-0.028360 
21,15,0.077479 
21,16,0.137050 
21,17,0.161732 
21,18,0.245663 
21,19,0.341828 
21,20,0.311368 
21,21,0.364565 
21,22,0.520877 
21,23,0.487482 
21,24,0.342067 
21,25,0.206140 
21,26,-0.002258 
21,27,-0.160119 
21,28,-0.219687 
21,29,-0.331406 
21,30,-0.493304 
21,31,-0.697087 
21,32,-0.803959 
21,33,-0.937239 
21,34,-0.984834 
21,35,-0.932292 
21,36,-0.793190 
21,37,-0.650586 
21,38,-0.590711 
21,39,-0.401867 
21,40,-0.106148 
21,41,0.096812 
21,42,0.092316 
21,43,0.134284 
21,44,0.003294 
21,45,-0.220475 
21,46,-0.342320 
21,47,-0.389019 
21,48,-0.354362 
21,49,-0.329830 
21,50,-0.251779 
21,51,-0.256186 
21,52,-0.406681 
21,53,-0.518132 
21,54,-0.504659 
21,55,-0.547063 
21,56,-0.534695 
21,57,-0.556096 
21,58,-0.717300 
21,59,-0.787843 
21,60,-0.775262 
21,61,-0.624846 
21,62,-0.400531 
21,63,-0.138587 
22,0,-0.174799 
22,1,-0.227288 
22,2,-0.116662 
22,3,-0.057307 
22,4,-0.091129 
22,5,-0.037231 
22,6,-0.034876 
22,7,-0.176810 
22,8,-0.286882 
22,9,-0.294314 
22,10,-0.335314 
22,11,-0.469824 
22,12,-0.532230 
22,13,-0.227729 
22,14,0.079688 
22,15,0.197819 
22,16,0.215030 
22,17,0.215767 
22,18,0.188177 
22,19,0.161605 
22,20,0.108401 
22,21,0.158089 
22,22,0.273746 
22,23,0.255862 
22,24,0.202836 
22,25,0.225423 
22,26,0.161474 
22,27,-0.026078 
22,28,-0.125049 
22,29,-0.200465 
22,30,-0.329281 
22,31,-0.498918 
22,32,-0.590910 
22,33,-0.805723 
22,34,-0.873507 
22,35,-0.859949 
22,36,-0.847355 
22,37,-0.736817 
22,38,-0.535893 
22,39,-0.364766 
22,40,-0.198345 
22,41,-0.023961 
22,42,-0.064015 
22,43,0.065950 
22,44,0.018997 
22,45,-0.204550 
22,46,-0.426953 
22,47,-0.493519 
22,48,-0.339729 
22,49,-0.347698 
22,50,-0.373386 
22,51,-0.386048 
22,52,-0.484125 
22,53,-0.471226 
22,54,-0.429344 
22,55,-0.544361 
22,56,-0.629911 
22,57,-0.775242 
22,58,-0.840544 
22,59,-0.810868 
22,60,-0.798521 
22,61,-0.669919 
22,62,-0.583818 
22,63,-0.078625 
23,0,-0.193936 
23,1,-0.298680 
23,2,-0.175563 
23,3,-0.032503 
23,4,-0.034236 
23,5,-0.022816 
23,6,-0.070511 
23,7,-0.120882 
23,8,-0.183928 
23,9,-0.267801 
23,10,-0.377985 
23,11,-0.489153 
23,12,-0.556313 
23,13,-0.433051 
23,14,-0.086160 
23,15,0.208637 
23,16,0.236849 
23,17,0.190361 
23,18,0.092319 
23,19,-0.024172 
23,20,-0.120553 
23,21,-0.197137 
23,22,-0.166235 
23,23,-0.152236 
23,24,-0.033434 
23,25,0.134788 
23,26,0.038277 
23,27,-0.110788 
23,28,-0.162863 
23,29,-0.211202 
23,30,-0.313524 
23,31,-0.432784 
23,32,-0.440164 
23,33,-0.579110 
23,34,-0.677374 
23,35,-0.710861 
23,36,-0.825768 
23,37,-0.839539 
23,38,-0.646197 
23,39,-0.453396 
23,40,-0.259560 
23,41,-0.133177 
23,42,-0.136446 
23,43,-0.039900 
23,44,-0.057408 
23,45,-0.157431 
23,46,-0.358197 
23,47,-0.473575 
23,48,-0.325104 
23,49,-0.286310 
23,50,-0.350073 
23,51,-0.372968 
23,52,-0.385971 
23,53,-0.344011 
23,54,-0.320857 
23,55,-0.451206 
23,56,-0.658786 
23,57,-0.882786 
23,58,-0.861280 
23,59,-0.716099 
23,60,-0.784999 
23,61,-0.752905 
23,62,-0.677248 
23,63,0.015148 
24,0,-0.144092 
24,1,-0.295092 
24,2,-0.212244 
24,3,-0.040003 
24,4,0.051770 
24,5,0.085594 
24,6,-0.090163 
24,7,-0.114333 
24,8,-0.110886 
24,9,-0.244531 
24,10,-0.446035 
24,11,-0.554787 
24,12,-0.521841 
24,13,-0.507384 
24,14,-0.324448 
24,15,-0.053458 
24,16,0.103004 
24,17,0.146905 
24,18,0.045089 
24,19,-0.076008 
24,20,-0.235399 
24,21,-0.482402 
24,22,-0.478440 
24,23,-0.388911 
24,24,-0.268034 
24,25,-0.125254 
24,26,-0.178530 
24,27,-0.182993 
24,28,-0.182281 
24,29,-0.206182 
24,30,-0.286539 
24,31,-0.362560 
24,32,-0.375927 
24,33,-0.529485 
24,34,-0.649968 
24,35,-0.697547 
24,36,-0.775492 
24,37,-0.783198 
24,38,-0.632101 
24,39,-0.442034 
24,40,-0.286837 
24,41,-0.271603 
24,42,-0.221125 
24,43,-0.167278 
24,44,-0.257360 
24,45,-0.305996 
24,46,-0.401850 
24,47,-0.500508 
24,48,-0.379149 
24,49,-0.319608 
24,50,-0.386584 
24,51,-0.374998 
24,52,-0.358359 
24,53,-0.347559 
24,54,-0.397171 
24,55,-0.564321 
24,56,-0.712527 
24,57,-0.850560 
24,58,-0.879756 
24,59,-0.766962 
24,60,-0.815308 
24,61,-0.774311 
24,62,-0.735444 
24,63,0.148059 
25,0,-0.089040 
25,1,-0.253840 
25,2,-0.239990 
25,3,-0.042945 
25,4,0.110976 
25,5,0.144583 
25,6,0.036888 
25,7,-0.056484 
25,8,-0.178995 
25,9,-0.316477 
25,10,-0.445650 
25,11,-0.536546 
25,12,-0.520911 
25,13,-0.444448 
25,14,-0.337744 
25,15,-0.179181 
25,16,-0.016260 
25,17,0.028093 
25,18,-0.031139 
25,19,-0.180582 
25,20,-0.473509 
25,21,-0.722318 
25,22,-0.727850 
25,23,-0.637434 
25,24,-0.509989 
25,25,-0.470871 
25,26,-0.408382 
25,27,-0.247979 
25,28,-0.162217 
25,29,-0.165412 
25,30,-0.166467 
25,31,-0.132441 
25,32,-0.223320 
25,33,-0.429571 
25,34,-0.575399 
25,35,-0.676707 
25,36,-0.687703 
25,37,-0.658512 
25,38,-0.558782 
25,39,-0.320521 
25,40,-0.239717 
25,41,-0.301066 
25,42,-0.219488 
25,43,-0.215250 
25,44,-0.369007 
25,45,-0.466544 
25,46,-0.559975 
25,47,-0.552346 
25,48,-0.364209 
25,49,-0.318673 
25,50,-0.346546 
25,51,-0.297650 
25,52,-0.330772 
25,53,-0.331697 
25,54,-0.355711 
25,55,-0.528672 
25,56,-0.685720 
25,57,-0.765856 
25,58,-0.732355 
25,59,-0.694413 
25,60,-0.729409 
25,61,-0.657242 
25,62,-0.630805 
25,63,0.064612 
26,0,-0.098189 
26,1,-0.130407 
26,2,-0.189533 
26,3,-0.007770 
26,4,0.162758 
26,5,0.182210 
26,6,0.174231 
26,7,0.017009 
26,8,-0.160694 
26,9,-0.220508 
26,10,-0.356460 
26,11,-0.502052 
26,12,-0.563510 
26,13,-0.480780 
26,14,-0.332435 
26,15,-0.188025 
26,16,-0.128799 
26,17,-0.190155 
26,18,-0.291637 
26,19,-0.539552 
26,20,-0.809744 
26,21,-0.898631 
26,22,-0.938768 
26,23,-0.909424 
26,24,-0.696465 
26,25,-0.645547 
26,26,-0.585568 
26,27,-0.393882 
26,28,-0.195048 
26,29,-0.139484 
26,30,-0.100765 
26,31,0.012799 
26,32,-0.016236 
26,33,-0.146265 
26,34,-0.258227 
26,35,-0.344446 
26,36,-0.376651 
26,37,-0.409479 
26,38,-0.406863 
26,39,-0.170321 
26,40,-0.078647 
26,41,-0.144675 
26,42,-0.120426 
26,43,-0.246594 
26,44,-0.379384 
26,45,-0.438890 
26,46,-0.598759 
26,47,-0.542198 
26,48,-0.299153 
26,49,-0.271555 
26,50,-0.263635 
26,51,-0.186623 
26,52,-0.215901 
26,53,-0.176701 
26,54,-0.214304 
26,55,-0.423614 
26,56,-0.599514 
26,57,-0.659543 
26,58,-0.544870 
26,59,-0.537454 
26,60,-0.577595 
26,61,-0.505405 
26,62,-0.408031 
26,63,0.036188 
27,0,0.017013 
27,1,0.030616 
27,2,0.027083 
27,3,0.106629 
27,4,0.220699 
27,5,0.266270 
27,6,0.281420 
27,7,0.102858 
27,8,-0.099238 
27,9,-0.119391 
27,10,-0.250557 
27,11,-0.415385 
27,12,-0.440870 
27,13,-0.374700 
27,14,-0.259285 
27,15,-0.205674 
27,16,-0.243445 
27,17,-0.313509 
27,18,-0.510995 
27,19,-0.829171 
27,20,-0.942367 
27,21,-0.913114 
27,22,-1.039124 
27,23,-1.074404 
27,24,-0.898894 
27,25,-0.802318 
27,26,-0.681763 
27,27,-0.493472 
27,28,-0.276017 
27,29,-0.127018 
27,30,-0.035960 
27,31,0.095429 
27,32,0.087551 
27,33,0.039889 
27,34,0.018837 
27,35,-0.047252 
27,36,-0.080092 
27,37,-0.106306 
27,38,-0.157307 
27,39,-0.007758 
27,40,0.048165 
27,41,-0.031607 
27,42,-0.114553 
27,43,-0.240897 
27,44,-0.299174 
27,45,-0.424713 
27,46,-0.565750 
27,47,-0.560568 
27,48,-0.419770 
27,49,-0.266608 
27,50,-0.227943 
27,51,-0.191218 
27,52,-0.065002 
27,53,-0.022522 
27,54,-0.140920 
27,55,-0.309308 
27,56,-0.423985 
27,57,-0.448653 
27,58,-0.431528 
27,59,-0.406470 
27,60,-0.401627 
27,61,-0.394067 
27,62,-0.363930 
27,63,0.006920 
28,0,0.114399 
28,1,0.176264 
28,2,0.288703 
28,3,0.328790 
28,4,0.402122 
28,5,0.450688 
28,6,0.435465 
28,7,0.225314 
28,8,-0.053681 
28,9,-0.094981 
28,10,-0.174860 
28,11,-0.321161 
28,12,-0.348627 
28,13,-0.347797 
28,14,-0.257470 
28,15,-0.266269 
28,16,-0.375045 
28,17,-0.417152 
28,18,-0.541472 
28,19,-0.775230 
28,20,-0.962492 
28,21,-1.060047 
28,22,-1.200258 
28,23,-1.194466 
28,24,-1.065105 
28,25,-0.978132 
28,26,-0.757017 
28,27,-0.519491 
28,28,-0.338832 
28,29,-0.162355 
28,30,0.019026 
28,31,0.218978 
28,32,0.201752 
28,33,0.227658 
28,34,0.252486 
28,35,0.135225 
28,36,0.071331 
28,37,0.018940 
28,38,-0.046594 
28,39,0.069925 
28,40,0.100354 
28,41,0.039935 
28,42,-0.085984 
28,43,-0.163182 
28,44,-0.198088 
28,45,-0.446906 
28,46,-0.496780 
28,47,-0.472255 
28,48,-0.435817 
28,49,-0.188067 
28,50,-0.111407 
28,51,-0.094004 
28,52,0.071726 
28,53,0.027700 
28,54,-0.037877 
28,55,-0.047794 
28,56,-0.209407 
28,57,-0.300860 
28,58,-0.329996 
28,59,-0.250468 
28,60,-0.210956 
28,61,-0.278930 
28,62,-0.341585 
28,63,-0.038235 
29,0,0.121587 
29,1,0.290670 
29,2,0.409479 
29,3,0.473930 
29,4,0.514944 
29,5,0.576680 
29,6,0.495340 
29,7,0.299746 
29,8,0.075505 
29,9,-0.080017 
29,10,-0.189929 
29,11,-0.316381 
29,12,-0.332654 
29,13,-0.327686 
29,14,-0.287899 
29,15,-0.346994 
29,16,-0.527430 
29,17,-0.593857 
29,18,-0.627913 
29,19,-0.823861 
29,20,-1.084881 
29,21,-1.202514 
29,22,-1.265787 
29,23,-1.297947 
29,24,-1.221321 
29,25,-1.124937 
29,26,-0.904190 
29,27,-0.576011 
29,28,-0.412755 
29,29,-0.312138 
29,30,-0.030136 
29,31,0.225380 
29,32,0.266238 
29,33,0.311666 
29,34,0.335307 
29,35,0.328100 
29,36,0.227653 
29,37,0.131282 
29,38,0.087038 
29,39,0.067881 
29,40,0.103705 
29,41,0.096784 
29,42,-0.061954 
29,43,-0.171248 
29,44,-0.268417 
29,45,-0.476241 
29,46,-0.491212 
29,47,-0.401047 
29,48,-0.251186 
29,49,-0.058665 
29,50,-0.071924 
29,51,-0.022100 
29,52,0.108809 
29,53,0.027734 
29,54,0.032592 
29,55,0.053346 
29,56,-0.085804 
29,57,-0.189862 
29,58,-0.213812 
29,59,-0.153873 
29,60,-0.096357 
29,61,-0.148856 
29,62,-0.287582 
29,63,0.085999 
30,0,0.145665 
30,1,0.268026 
30,2,0.430184 
30,3,0.588739 
30,4,0.576397 
30,5,0.631002 
30,6,0.477672 
30,7,0.284663 
30,8,0.167427 
30,9,-0.062732 
30,10,-0.156100 
30,11,-0.181420 
30,12,-0.176682 
30,13,-0.171986 
30,14,-0.144255 
30,15,-0.215760 
30,16,-0.413352 
30,17,-0.482155 
30,18,-0.595274 
30,19,-0.890752 
30,20,-1.072738 
30,21,-1.061345 
30,22,-1.072893 
30,23,-1.179294 
30,24,-1.202589 
30,25,-1.151943 
30,26,-1.047311 
30,27,-0.726850 
30,28,-0.440138 
30,29,-0.289175 
30,30,-0.036870 
30,31,0.152072 
30,32,0.273510 
30,33,0.343797 
30,34,0.297672 
30,35,0.354811 
30,36,0.270887 
30,37,0.191381 
30,38,0.173626 
30,39,-0.004799 
30,40,-0.021949 
30,41,-0.034276 
30,42,-0.119622 
30,43,-0.140039 
30,44,-0.268476 
30,45,-0.401503 
30,46,-0.379406 
30,47,-0.222256 
30,48,-0.000683 
30,49,0.107687 
30,50,-0.008031 
30,51,0.034649 
30,52,0.162685 
30,53,0.064316 
30,54,0.061385 
30,55,0.054572 
30,56,-0.001348 
30,57,-0.051772 
30,58,-0.016870 
30,59,0.079286 
30,60,0.034285 
30,61,-0.117226 
30,62,-0.261244 
30,63,0.127318 
31,0,0.114250 
31,1,0.108950 
31,2,0.316422 
31,3,0.600850 
31,4,0.698204 
31,5,0.671759 
31,6,0.477299 
31,7,0.226088 
31,8,0.097232 
31,9,-0.087494 
31,10,-0.212023 
31,11,-0.167153 
31,12,-0.109978 
31,13,-0.055392 
31,14,0.025085 
31,15,-0.014934 
31,16,-0.206946 
31,17,-0.402512 
31,18,-0.573581 
31,19,-0.803133 
31,20,-0.880929 
31,21,-0.782859 
31,22,-0.859184 
31,23,-1.022624 
31,24,-1.066768 
31,25,-1.030446 
31,26,-0.993612 
31,27,-0.736330 
31,28,-0.452769 
31,29,-0.294793 
31,30,-0.060084 
31,31,0.142213 
31,32,0.280417 
31,33,0.336096 
31,34,0.310999 
31,35,0.304460 
31,36,0.261711 
31,37,0.271162 
31,38,0.241443 
31,39,0.019028 
31,40,-0.082605 
31,41,-0.092679 
31,42,-0.145213 
31,43,-0.142034 
31,44,-0.233563 
31,45,-0.304340 
31,46,-0.209816 
31,47,-0.015577 
31,48,0.208204 
31,49,0.283888 
31,50,0.228783 
31,51,0.187867 
31,52,0.176789 
31,53,0.152135 
31,54,0.102942 
31,55,0.034941 
31,56,0.000104 
31,57,-0.028526 
31,58,0.102041 
31,59,0.258768 
31,60,0.124175 
31,61,-0.047432 
31,62,-0.120821 
31,63,0.000000 
32,0,0.050033 
32,1,0.049484 
32,2,0.176787 
32,3,0.446759 
32,4,0.619288 
32,5,0.485275 
32,6,0.329920 
32,7,0.097324 
32,8,-0.061955 
32,9,-0.197798 
32,10,-0.260226 
32,11,-0.086711 
32,12,-0.013421 
32,13,0.071428 
32,14,0.109275 
32,15,0.000000 
32,16,-0.066297 
32,17,-0.227543 
32,18,-0.405241 
32,19,-0.566820 
32,20,-0.688280 
32,21,-0.652767 
32,22,-0.692884 
32,23,-0.798774 
32,24,-0.933940 
32,25,-0.974488 
32,26,-0.911219 
32,27,-0.650684 
32,28,-0.432079 
32,29,-0.323821 
32,30,-0.163200 
32,31,0.000000 
32,32,0.165985 
32,33,0.231704 
32,34,0.282910 
32,35,0.262219 
32,36,0.216682 
32,37,0.291778 
32,38,0.306586 
32,39,0.099020 
32,40,-0.052088 
32,41,-0.037103 
32,42,-0.107624 
32,43,-0.127264 
32,44,-0.243657 
32,45,-0.329298 
32,46,-0.192925 
32,47,0.000000 
32,48,0.292980 
32,49,0.405970 
32,50,0.368201 
32,51,0.218175 
32,52,0.076385 
32,53,0.148011 
32,54,0.193742 
32,55,0.178708 
32,56,0.113377 
32,57,0.039907 
32,58,0.074782 
32,59,0.119426 
32,60,0.020821 
32,61,-0.029193 
32,62,-0.073614 
32,63,-0.227983 
33,0,-0.126596 
33,1,-0.024187 
33,2,0.076820 
33,3,0.240605 
33,4,0.381780 
33,5,0.271257 
33,6,0.122151 
33,7,-0.008215 
33,8,-0.108134 
33,9,-0.214222 
33,10,-0.219758 
33,11,0.019532 
33,12,0.055086 
33,13,0.102072 
33,14,0.122249 
33,15,0.025525 
33,16,0.062630 
33,17,0.032247 
33,18,-0.031674 
33,19,-0.167173 
33,20,-0.402457 
33,21,-0.477176 
33,22,-0.406663 
33,23,-0.464282 
33,24,-0.679036 
33,25,-0.814713 
33,26,-0.799704 
33,27,-0.630397 
33,28,-0.438483 
33,29,-0.333187 
33,30,-0.318763 
33,31,-0.168770 
33,32,0.027851 
33,33,0.077106 
33,34,0.144590 
33,35,0.153650 
33,36,0.152184 
33,37,0.192643 
33,38,0.200756 
33,39,0.044441 
33,40,-0.115339 
33,41,-0.130041 
33,42,-0.098919 
33,43,-0.091670 
33,44,-0.190037 
33,45,-0.163715 
33,46,-0.020854 
33,47,0.116803 
33,48,0.325129 
33,49,0.474749 
33,50,0.387255 
33,51,0.169111 
33,52,0.109418 
33,53,0.249071 
33,54,0.340572 
33,55,0.340738 
33,56,0.253215 
33,57,0.099131 
33,58,0.017569 
33,59,0.020657 
33,60,0.025622 
33,61,-0.018254 
33,62,-0.104711 
33,63,-0.451400 
34,0,-0.432889 
34,1,-0.366813 
34,2,-0.129355 
34,3,0.101582 
34,4,0.245721 
34,5,0.213620 
34,6,0.029216 
34,7,-0.054648 
34,8,-0.127288 
34,9,-0.257036 
34,10,-0.300451 
34,11,-0.086050 
34,12,0.018653 
34,13,0.150099 
34,14,0.226760 
34,15,0.223439 
34,16,0.263874 
34,17,0.226422 
34,18,0.183829 
34,19,0.006553 
34,20,-0.168068 
34,21,-0.169719 
34,22,-0.169736 
34,23,-0.364783 
34,24,-0.518717 
34,25,-0.608162 
34,26,-0.614624 
34,27,-0.517041 
34,28,-0.463006 
34,29,-0.454964 
34,30,-0.460082 
34,31,-0.208327 
34,32,-0.009230 
34,33,-0.017200 
34,34,-0.050071 
34,35,-0.125319 
34,36,-0.041784 
34,37,-0.000620 
34,38,-0.000493 
34,39,-0.104556 
34,40,-0.250612 
34,41,-0.261417 
34,42,-0.182935 
34,43,-0.195126 
34,44,-0.246348 
34,45,-0.076412 
34,46,0.181530 
34,47,0.348977 
34,48,0.394916 
34,49,0.527122 
34,50,0.490204 
34,51,0.312454 
34,52,0.273673 
34,53,0.379906 
34,54,0.472440 
34,55,0.462476 
34,56,0.398587 
34,57,0.226338 
34,58,0.123870 
34,59,0.163194 
34,60,0.199691 
34,61,0.083764 
34,62,-0.020601 
34,63,-0.532110 
35,0,-0.610873 
35,1,-0.623975 
35,2,-0.355605 
35,3,-0.026007 
35,4,0.125750 
35,5,0.099043 
35,6,-0.037501 
35,7,-0.135296 
35,8,-0.186965 
35,9,-0.205280 
35,10,-0.256394 
35,11,-0.106695 
35,12,0.093464 
35,13,0.276458 
35,14,0.302476 
35,15,0.328376 
35,16,0.407296 
35,17,0.336847 
35,18,0.221481 
35,19,0.013941 
35,20,-0.079972 
35,21,-0.039016 
35,22,-0.128882 
35,23,-0.391460 
35,24,-0.498479 
35,25,-0.521606 
35,26,-0.481096 
35,27,-0.401229 
35,28,-0.502972 
35,29,-0.534924 
35,30,-0.470533 
35,31,-0.217118 
35,32,0.034168 
35,33,-0.015874 
35,34,-0.136264 
35,35,-0.244582 
35,36,-0.233168 
35,37,-0.189674 
35,38,-0.146397 
35,39,-0.272390 
35,40,-0.401305 
35,41,-0.341450 
35,42,-0.314279 
35,43,-0.316768 
35,44,-0.263696 
35,45,-0.094765 
35,46,0.147868 
35,47,0.403310 
35,48,0.495879 
35,49,0.522318 
35,50,0.520577 
35,51,0.524768 
35,52,0.483650 
35,53,0.415038 
35,54,0.458174 
35,55,0.544797 
35,56,0.477013 
35,57,0.325482 
35,58,0.218902 
35,59,0.188253 
35,60,0.268587 
35,61,0.221848 
35,62,0.149473 
35,63,-0.648653 
36,0,-0.733684 
36,1,-0.750908 
36,2,-0.650948 
36,3,-0.405773 
36,4,-0.188415 
36,5,-0.159595 
36,6,-0.172960 
36,7,-0.196887 
36,8,-0.251369 
36,9,-0.159976 
36,10,-0.074994 
36,11,0.127426 
36,12,0.235531 
36,13,0.257459 
36,14,0.256782 
36,15,0.354807 
36,16,0.467028 
36,17,0.364295 
36,18,0.212860 
36,19,0.013670 
36,20,-0.136254 
36,21,-0.192976 
36,22,-0.215773 
36,23,-0.393987 
36,24,-0.541051 
36,25,-0.558385 
36,26,-0.510130 
36,27,-0.491707 
36,28,-0.591010 
36,29,-0.517647 
36,30,-0.443861 
36,31,-0.262850 
36,32,0.037154 
36,33,-0.022398 
36,34,-0.102079 
36,35,-0.129535 
36,36,-0.149516 
36,37,-0.081522 
36,38,-0.085035 
36,39,-0.311009 
36,40,-0.523083 
36,41,-0.496259 
36,42,-0.389941 
36,43,-0.262927 
36,44,-0.124344 
36,45,0.008681 
36,46,0.116147 
36,47,0.379023 
36,48,0.567494 
36,49,0.544503 
36,50,0.492641 
36,51,0.566128 
36,52,0.659708 
36,53,0.554165 
36,54,0.383344 
36,55,0.406940 
36,56,0.352107 
36,57,0.247469 
36,58,0.242902 
36,59,0.247168 
36,60,0.254029 
36,61,0.154334 
36,62,0.161647 
36,63,-0.628108 
37,0,-0.747182 
37,1,-0.906155 
37,2,-0.902478 
37,3,-0.769558 
37,4,-0.538074 
37,5,-0.373651 
37,6,-0.359757 
37,7,-0.370514 
37,8,-0.345692 
37,9,-0.186801 
37,10,-0.001183 
37,11,0.241230 
37,12,0.297101 
37,13,0.277795 
37,14,0.262139 
37,15,0.358864 
37,16,0.443719 
37,17,0.342534 
37,18,0.234656 
37,19,0.019404 
37,20,-0.167531 
37,21,-0.284230 
37,22,-0.363271 
37,23,-0.479869 
37,24,-0.627933 
37,25,-0.611872 
37,26,-0.472033 
37,27,-0.449601 
37,28,-0.533374 
37,29,-0.478650 
37,30,-0.393314 
37,31,-0.293368 
37,32,-0.088415 
37,33,0.014823 
37,34,-0.049745 
37,35,-0.102580 
37,36,-0.092840 
37,37,-0.088955 
37,38,-0.086945 
37,39,-0.289418 
37,40,-0.580462 
37,41,-0.610552 
37,42,-0.432885 
37,43,-0.218951 
37,44,-0.078408 
37,45,-0.053572 
37,46,0.038751 
37,47,0.253639 
37,48,0.426971 
37,49,0.567091 
37,50,0.531634 
37,51,0.478846 
37,52,0.555500 
37,53,0.501218 
37,54,0.308994 
37,55,0.240006 
37,56,0.271721 
37,57,0.231959 
37,58,0.241079 
37,59,0.317884 
37,60,0.204737 
37,61,0.063835 
37,62,0.162775 
37,63,-0.602381 
38,0,-0.682796 
38,1,-0.908785 
38,2,-0.932688 
38,3,-0.867693 
38,4,-0.744349 
38,5,-0.548357 
38,6,-0.443451 
38,7,-0.395775 
38,8,-0.271586 
38,9,-0.038188 
38,10,0.143261 
38,11,0.322001 
38,12,0.300298 
38,13,0.265821 
38,14,0.295384 
38,15,0.422886 
38,16,0.492432 
38,17,0.405985 
38,18,0.266635 
38,19,-0.044818 
38,20,-0.204381 
38,21,-0.311534 
38,22,-0.473955 
38,23,-0.549184 
38,24,-0.671866 
38,25,-0.614589 
38,26,-0.418948 
38,27,-0.412845 
38,28,-0.434713 
38,29,-0.350995 
38,30,-0.260419 
38,31,-0.267346 
38,32,-0.254780 
38,33,-0.085338 
38,34,-0.085920 
38,35,-0.111239 
38,36,-0.078544 
38,37,-0.118292 
38,38,-0.119152 
38,39,-0.315936 
38,40,-0.594331 
38,41,-0.612015 
38,42,-0.548638 
38,43,-0.420152 
38,44,-0.194372 
38,45,-0.179904 
38,46,-0.074289 
38,47,0.110828 
38,48,0.202495 
38,49,0.425968 
38,50,0.569436 
38,51,0.557640 
38,52,0.530573 
38,53,0.465001 
38,54,0.373252 
38,55,0.326115 
38,56,0.331209 
38,57,0.225458 
38,58,0.133952 
38,59,0.168339 
38,60,0.124808 
38,61,0.143722 
38,62,0.291909 
38,63,-0.692971 
39,0,-0.748131 
39,1,-0.811020 
39,2,-0.800421 
39,3,-0.836084 
39,4,-0.760637 
39,5,-0.534433 
39,6,-0.402172 
39,7,-0.273362 
39,8,-0.124991 
39,9,0.083625 
39,10,0.343469 
39,11,0.415804 
39,12,0.198467 
39,13,0.139815 
39,14,0.325058 
39,15,0.486664 
39,16,0.619156 
39,17,0.642124 
39,18,0.359401 
39,19,0.015168 
39,20,-0.121233 
39,21,-0.239673 
39,22,-0.335672 
39,23,-0.449260 
39,24,-0.603217 
39,25,-0.630881 
39,26,-0.548708 
39,27,-0.446704 
39,28,-0.307930 
39,29,-0.208238 
39,30,-0.213528 
39,31,-0.304933 
39,32,-0.386793 
39,33,-0.303629 
39,34,-0.172481 
39,35,-0.112952 
39,36,-0.099967 
39,37,-0.053846 
39,38,-0.080393 
39,39,-0.241661 
39,40,-0.506753 
39,41,-0.613586 
39,42,-0.603308 
39,43,-0.588641 
39,44,-0.343511 
39,45,-0.159808 
39,46,-0.032667 
39,47,0.089306 
39,48,0.166294 
39,49,0.374194 
39,50,0.541570 
39,51,0.619225 
39,52,0.573757 
39,53,0.510231 
39,54,0.504197 
39,55,0.519651 
39,56,0.534693 
39,57,0.410512 
39,58,0.234203 
39,59,0.126906 
39,60,0.110794 
39,61,0.223525 
39,62,0.360457 
39,63,-0.525522 
40,0,-0.703813 
40,1,-0.723229 
40,2,-0.626164 
40,3,-0.729293 
40,4,-0.687791 
40,5,-0.445374 
40,6,-0.379816 
40,7,-0.242327 
40,8,-0.060447 
40,9,0.129347 
40,10,0.402975 
40,11,0.340491 
40,12,0.148724 
40,13,0.247471 
40,14,0.483834 
40,15,0.582440 
40,16,0.667715 
40,17,0.710191 
40,18,0.503149 
40,19,0.328561 
40,20,0.133804 
40,21,-0.087098 
40,22,-0.190977 
40,23,-0.410847 
40,24,-0.526496 
40,25,-0.586650 
40,26,-0.664928 
40,27,-0.506704 
40,28,-0.375116 
40,29,-0.426064 
40,30,-0.451111 
40,31,-0.517714 
40,32,-0.514225 
40,33,-0.341941 
40,34,-0.234137 
40,35,-0.249696 
40,36,-0.274038 
40,37,-0.175073 
40,38,-0.149747 
40,39,-0.198106 
40,40,-0.426838 
40,41,-0.586329 
40,42,-0.503224 
40,43,-0.499460 
40,44,-0.418899 
40,45,-0.246317 
40,46,-0.049673 
40,47,0.061860 
40,48,0.177769 
40,49,0.421980 
40,50,0.494954 
40,51,0.550837 
40,52,0.542552 
40,53,0.534061 
40,54,0.562315 
40,55,0.580188 
40,56,0.629906 
40,57,0.524558 
40,58,0.444022 
40,59,0.376757 
40,60,0.245791 
40,61,0.281946 
40,62,0.339735 
40,63,-0.406300 
41,0,-0.530076 
41,1,-0.590716 
41,2,-0.544819 
41,3,-0.598725 
41,4,-0.550933 
41,5,-0.469675 
41,6,-0.357927 
41,7,-0.230866 
41,8,-0.077868 
41,9,0.107995 
41,10,0.285246 
41,11,0.282489 
41,12,0.200270 
41,13,0.313841 
41,14,0.457344 
41,15,0.613973 
41,16,0.699098 
41,17,0.698933 
41,18,0.659077 
41,19,0.525145 
41,20,0.261495 
41,21,-0.055404 
41,22,-0.204221 
41,23,-0.336088 
41,24,-0.438574 
41,25,-0.511125 
41,26,-0.598554 
41,27,-0.590405 
41,28,-0.559389 
41,29,-0.608038 
41,30,-0.694209 
41,31,-0.765905 
41,32,-0.702534 
41,33,-0.437184 
41,34,-0.332594 
41,35,-0.345273 
41,36,-0.299126 
41,37,-0.219538 
41,38,-0.108051 
41,39,-0.132997 
41,40,-0.329947 
41,41,-0.483546 
41,42,-0.485300 
41,43,-0.414813 
41,44,-0.343612 
41,45,-0.294690 
41,46,-0.155293 
41,47,0.063999 
41,48,0.180943 
41,49,0.331584 
41,50,0.421515 
41,51,0.448909 
41,52,0.521727 
41,53,0.592474 
41,54,0.569499 
41,55,0.576228 
41,56,0.602478 
41,57,0.492300 
41,58,0.548371 
41,59,0.574013 
41,60,0.384103 
41,61,0.315442 
41,62,0.341783 
41,63,-0.387506 
42,0,-0.411608 
42,1,-0.507775 
42,2,-0.583946 
42,3,-0.638502 
42,4,-0.467532 
42,5,-0.426135 
42,6,-0.321657 
42,7,-0.270490 
42,8,-0.210577 
42,9,-0.091954 
42,10,0.078153 
42,11,0.259576 
42,12,0.285525 
42,13,0.393703 
42,14,0.403111 
42,15,0.550739 
42,16,0.699748 
42,17,0.719242 
42,18,0.726259 
42,19,0.543399 
42,20,0.367164 
42,21,0.108892 
42,22,-0.152450 
42,23,-0.272570 
42,24,-0.397920 
42,25,-0.513438 
42,26,-0.527720 
42,27,-0.597558 
42,28,-0.642004 
42,29,-0.654577 
42,30,-0.755457 
42,31,-0.788867 
42,32,-0.772489 
42,33,-0.549087 
42,34,-0.392194 
42,35,-0.321346 
42,36,-0.221463 
42,37,-0.183034 
42,38,-0.050432 
42,39,-0.096521 
42,40,-0.174063 
42,41,-0.256536 
42,42,-0.427986 
42,43,-0.401815 
42,44,-0.342591 
42,45,-0.389399 
42,46,-0.332864 
42,47,-0.034947 
42,48,0.132094 
42,49,0.237508 
42,50,0.332879 
42,51,0.325221 
42,52,0.424558 
42,53,0.521840 
42,54,0.539608 
42,55,0.606754 
42,56,0.603630 
42,57,0.507031 
42,58,0.555957 
42,59,0.533167 
42,60,0.438716 
42,61,0.424114 
42,62,0.362495 
42,63,-0.317230 
43,0,-0.304999 
43,1,-0.392085 
43,2,-0.559990 
43,3,-0.725287 
43,4,-0.623560 
43,5,-0.480696 
43,6,-0.377514 
43,7,-0.350326 
43,8,-0.388867 
43,9,-0.383302 
43,10,-0.188024 
43,11,0.165888 
43,12,0.410415 
43,13,0.534697 
43,14,0.496219 
43,15,0.551969 
43,16,0.649943 
43,17,0.635177 
43,18,0.684112 
43,19,0.608056 
43,20,0.405893 
43,21,0.237354 
43,22,-0.005990 
43,23,-0.173174 
43,24,-0.342033 
43,25,-0.553157 
43,26,-0.536627 
43,27,-0.529731 
43,28,-0.565586 
43,29,-0.648807 
43,30,-0.784302 
43,31,-0.767301 
43,32,-0.681730 
43,33,-0.555312 
43,34,-0.453442 
43,35,-0.320461 
43,36,-0.208950 
43,37,-0.210601 
43,38,-0.151207 
43,39,-0.077761 
43,40,0.007081 
43,41,-0.018940 
43,42,-0.228532 
43,43,-0.359832 
43,44,-0.517964 
43,45,-0.609665 
43,46,-0.493385 
43,47,-0.291422 
43,48,-0.035960 
43,49,0.133261 
43,50,0.140071 
43,51,0.182521 
43,52,0.287495 
43,53,0.401766 
43,54,0.519312 
43,55,0.506700 
43,56,0.400283 
43,57,0.351737 
43,58,0.448039 
43,59,0.502063 
43,60,0.504036 
43,61,0.533166 
43,62,0.445322 
43,63,-0.313879 
44,0,-0.287841 
44,1,-0.348721 
44,2,-0.453607 
44,3,-0.595264 
44,4,-0.668159 
44,5,-0.554094 
44,6,-0.541806 
44,7,-0.610823 
44,8,-0.629154 
44,9,-0.605020 
44,10,-0.468831 
44,11,-0.070043 
44,12,0.325942 
44,13,0.444094 
44,14,0.494770 
44,15,0.600058 
44,16,0.689910 
44,17,0.675347 
44,18,0.681496 
44,19,0.619033 
44,20,0.375815 
44,21,0.284041 
44,22,0.095817 
44,23,-0.084444 
44,24,-0.171271 
44,25,-0.351756 
44,26,-0.461289 
44,27,-0.522262 
44,28,-0.494386 
44,29,-0.595233 
44,30,-0.747707 
44,31,-0.671057 
44,32,-0.507493 
44,33,-0.459882 
44,34,-0.420269 
44,35,-0.253866 
44,36,-0.114320 
44,37,-0.127838 
44,38,-0.131765 
44,39,0.059097 
44,40,0.144808 
44,41,0.022529 
44,42,-0.213053 
44,43,-0.447614 
44,44,-0.681539 
44,45,-0.722016 
44,46,-0.536052 
44,47,-0.410194 
44,48,-0.210455 
44,49,-0.104264 
44,50,-0.095229 
44,51,0.067544 
44,52,0.194654 
44,53,0.327087 
44,54,0.458866 
44,55,0.318289 
44,56,0.165845 
44,57,0.201951 
44,58,0.320375 
44,59,0.418851 
44,60,0.401677 
44,61,0.357302 
44,62,0.344206 
44,63,-0.277826 
45,0,-0.306304 
45,1,-0.388174 
45,2,-0.451362 
45,3,-0.506540 
45,4,-0.625799 
45,5,-0.678017 
45,6,-0.779209 
45,7,-0.861931 
45,8,-0.803979 
45,9,-0.728743 
45,10,-0.575054 
45,11,-0.323314 
45,12,-0.019198 
45,13,0.260693 
45,14,0.445794 
45,15,0.584765 
45,16,0.631106 
45,17,0.629892 
45,18,0.634924 
45,19,0.513728 
45,20,0.373282 
45,21,0.341767 
45,22,0.141382 
45,23,-0.019880 
45,24,-0.036222 
45,25,-0.214284 
45,26,-0.370984 
45,27,-0.453511 
45,28,-0.486589 
45,29,-0.551709 
45,30,-0.619975 
45,31,-0.504682 
45,32,-0.372570 
45,33,-0.289657 
45,34,-0.268683 
45,35,-0.193825 
45,36,-0.054559 
45,37,-0.000962 
45,38,0.029539 
45,39,0.079405 
45,40,0.113399 
45,41,-0.016365 
45,42,-0.278448 
45,43,-0.544441 
45,44,-0.764202 
45,45,-0.777315 
45,46,-0.537913 
45,47,-0.338222 
45,48,-0.297224 
45,49,-0.229596 
45,50,-0.146741 
45,51,-0.039498 
45,52,0.080889 
45,53,0.258685 
45,54,0.354156 
45,55,0.293093 
45,56,0.285395 
45,57,0.284250 
45,58,0.284125 
45,59,0.354143 
45,60,0.365626 
45,61,0.301008 
45,62,0.261128 
45,63,-0.164566 
46,0,-0.172414 
46,1,-0.194232 
46,2,-0.340042 
46,3,-0.432696 
46,4,-0.558257 
46,5,-0.699377 
46,6,-0.864385 
46,7,-0.922646 
46,8,-0.883970 
46,9,-0.878782 
46,10,-0.665759 
46,11,-0.537339 
46,12,-0.414973 
46,13,-0.047160 
46,14,0.190760 
46,15,0.290837 
46,16,0.360432 
46,17,0.444546 
46,18,0.566711 
46,19,0.498280 
46,20,0.377249 
46,21,0.340008 
46,22,0.178144 
46,23,0.070873 
46,24,0.039693 
46,25,-0.197223 
46,26,-0.293341 
46,27,-0.306167 
46,28,-0.336856 
46,29,-0.298707 
46,30,-0.401800 
46,31,-0.387774 
46,32,-0.344961 
46,33,-0.286508 
46,34,-0.199952 
46,35,-0.119951 
46,36,-0.105530 
46,37,-0.115167 
46,38,0.042450 
46,39,0.057374 
46,40,0.071811 
46,41,-0.020160 
46,42,-0.235332 
46,43,-0.451319 
46,44,-0.620770 
46,45,-0.572635 
46,46,-0.413992 
46,47,-0.297045 
46,48,-0.264021 
46,49,-0.110460 
46,50,-0.013549 
46,51,0.005674 
46,52,0.049269 
46,53,0.211125 
46,54,0.274760 
46,55,0.307149 
46,56,0.449113 
46,57,0.390167 
46,58,0.342375 
46,59,0.437584 
46,60,0.413862 
46,61,0.297470 
46,62,0.260419 
46,63,-0.129587 
47,0,-0.120257 
47,1,-0.101324 
47,2,-0.227409 
47,3,-0.350507 
47,4,-0.458553 
47,5,-0.574659 
47,6,-0.735550 
47,7,-0.887299 
47,8,-0.857284 
47,9,-0.800734 
47,10,-0.667032 
47,11,-0.617586 
47,12,-0.603398 
47,13,-0.307230 
47,14,-0.041137 
47,15,0.070154 
47,16,0.222921 
47,17,0.365348 
47,18,0.489947 
47,19,0.476448 
47,20,0.293256 
47,21,0.225289 
47,22,0.096009 
47,23,-0.016702 
47,24,-0.041218 
47,25,-0.237360 
47,26,-0.283417 
47,27,-0.218363 
47,28,-0.175932 
47,29,-0.040676 
47,30,-0.121803 
47,31,-0.253969 
47,32,-0.300173 
47,33,-0.256451 
47,34,-0.159526 
47,35,-0.108895 
47,36,-0.123078 
47,37,-0.219804 
47,38,-0.084857 
47,39,0.053938 
47,40,0.072011 
47,41,-0.041290 
47,42,-0.210438 
47,43,-0.322430 
47,44,-0.399226 
47,45,-0.335320 
47,46,-0.199158 
47,47,-0.122542 
47,48,-0.059939 
47,49,0.088261 
47,50,0.081404 
47,51,0.116360 
47,52,0.180842 
47,53,0.284853 
47,54,0.364690 
47,55,0.418986 
47,56,0.565257 
47,57,0.548742 
47,58,0.507094 
47,59,0.464770 
47,60,0.344241 
47,61,0.266878 
47,62,0.186009 
47,63,0.000000 
48,0,-0.014908 
48,1,0.000868 
48,2,-0.071706 
48,3,-0.193719 
48,4,-0.356917 
48,5,-0.526164 
48,6,-0.532254 
48,7,-0.638896 
48,8,-0.680299 
48,9,-0.629394 
48,10,-0.594968 
48,11,-0.622252 
48,12,-0.629224 
48,13,-0.349228 
48,14,-0.094712 
48,15,0.000000 
48,16,0.133814 
48,17,0.225392 
48,18,0.335343 
48,19,0.362589 
48,20,0.224365 
48,21,0.205353 
48,22,0.050257 
48,23,-0.087647 
48,24,-0.110620 
48,25,-0.290289 
48,26,-0.351291 
48,27,-0.258818 
48,28,-0.194967 
48,29,-0.011298 
48,30,0.102086 
48,31,0.000000 
48,32,-0.111767 
48,33,-0.061298 
48,34,0.019102 
48,35,0.004150 
48,36,-0.005214 
48,37,-0.152126 
48,38,-0.164225 
48,39,-0.039377 
48,40,0.055108 
48,41,0.007427 
48,42,-0.119584 
48,43,-0.152198 
48,44,-0.184746 
48,45,-0.166096 
48,46,-0.059884 
48,47,0.000000 
48,48,0.026273 
48,49,0.132232 
48,50,0.114983 
48,51,0.220828 
48,52,0.282952 
48,53,0.291752 
48,54,0.367119 
48,55,0.420742 
48,56,0.612457 
48,57,0.704651 
48,58,0.704439 
48,59,0.574326 
48,60,0.361584 
48,61,0.300817 
48,62,0.167353 
48,63,0.238777 
49,0,0.181788 
49,1,0.254889 
49,2,0.163575 
49,3,-0.010396 
49,4,-0.146185 
49,5,-0.317356 
49,6,-0.319841 
49,7,-0.425525 
49,8,-0.619166 
49,9,-0.666851 
49,10,-0.618809 
49,11,-0.576742 
49,12,-0.552749 
49,13,-0.342350 
49,14,-0.164315 
49,15,-0.075740 
49,16,0.058474 
49,17,0.210195 
49,18,0.382207 
49,19,0.354580 
49,20,0.257556 
49,21,0.225475 
49,22,-0.038166 
49,23,-0.224304 
49,24,-0.183377 
49,25,-0.303571 
49,26,-0.415146 
49,27,-0.333523 
49,28,-0.146201 
49,29,0.044278 
49,30,0.175825 
49,31,0.231464 
49,32,0.154621 
49,33,0.075406 
49,34,0.093916 
49,35,0.143827 
49,36,0.082939 
49,37,-0.055046 
49,38,-0.079425 
49,39,-0.025674 
49,40,0.070416 
49,41,0.074615 
49,42,0.003664 
49,43,-0.036155 
49,44,0.007472 
49,45,0.030172 
49,46,0.043133 
49,47,0.095208 
49,48,0.117787 
49,49,0.205089 
49,50,0.330425 
49,51,0.440414 
49,52,0.420546 
49,53,0.426498 
49,54,0.384523 
49,55,0.369771 
49,56,0.602444 
49,57,0.747668 
49,58,0.717971 
49,59,0.600151 
49,60,0.391716 
49,61,0.217302 
49,62,0.000002 
49,63,0.414562 
50,0,0.307780 
50,1,0.389520 
50,2,0.301463 
50,3,0.135545 
50,4,0.018914 
50,5,-0.183088 
50,6,-0.265633 
50,7,-0.452697 
50,8,-0.650066 
50,9,-0.636017 
50,10,-0.638910 
50,11,-0.569492 
50,12,-0.465581 
50,13,-0.299678 
50,14,-0.191614 
50,15,-0.104264 
50,16,0.001190 
50,17,0.178145 
50,18,0.440436 
50,19,0.394473 
50,20,0.219407 
50,21,0.071847 
50,22,-0.205539 
50,23,-0.362257 
50,24,-0.310729 
50,25,-0.414192 
50,26,-0.424067 
50,27,-0.214418 
50,28,0.037351 
50,29,0.159466 
50,30,0.177400 
50,31,0.280484 
50,32,0.340361 
50,33,0.223346 
50,34,0.097770 
50,35,0.131694 
50,36,0.044522 
50,37,-0.051798 
50,38,-0.057449 
50,39,-0.071408 
50,40,-0.077776 
50,41,-0.112000 
50,42,-0.032214 
50,43,0.038769 
50,44,0.114395 
50,45,0.112141 
50,46,0.093835 
50,47,0.169046 
50,48,0.277797 
50,49,0.410984 
50,50,0.536440 
50,51,0.530359 
50,52,0.454600 
50,53,0.513290 
50,54,0.496319 
50,55,0.517372 
50,56,0.604662 
50,57,0.619560 
50,58,0.591546 
50,59,0.546466 
50,60,0.385433 
50,61,0.132774 
50,62,-0.140736 
50,63,0.570778 
51,0,0.485703 
51,1,0.457782 
51,2,0.395391 
51,3,0.245916 
51,4,0.065041 
51,5,-0.110318 
51,6,-0.294183 
51,7,-0.493827 
51,8,-0.690418 
51,9,-0.809201 
51,10,-0.865148 
51,11,-0.756386 
51,12,-0.525511 
51,13,-0.322789 
51,14,-0.229664 
51,15,-0.200520 
51,16,-0.125749 
51,17,0.036753 
51,18,0.219438 
51,19,0.220601 
51,20,0.125161 
51,21,-0.058045 
51,22,-0.345802 
51,23,-0.463915 
51,24,-0.384671 
51,25,-0.413512 
51,26,-0.364728 
51,27,-0.168073 
51,28,0.050566 
51,29,0.171936 
51,30,0.202625 
51,31,0.273318 
51,32,0.356503 
51,33,0.386122 
51,34,0.227462 
51,35,0.131452 
51,36,0.062388 
51,37,-0.022588 
51,38,-0.093933 
51,39,-0.173640 
51,40,-0.270195 
51,41,-0.307013 
51,42,-0.074464 
51,43,0.090686 
51,44,0.169414 
51,45,0.190913 
51,46,0.128014 
51,47,0.179790 
51,48,0.400585 
51,49,0.523266 
51,50,0.530283 
51,51,0.488674 
51,52,0.386806 
51,53,0.428928 
51,54,0.484044 
51,55,0.545341 
51,56,0.569418 
51,57,0.484806 
51,58,0.428853 
51,59,0.449106 
51,60,0.329768 
51,61,0.101311 
51,62,-0.089236 
51,63,0.657280 
52,0,0.658703 
52,1,0.625519 
52,2,0.541696 
52,3,0.322241 
52,4,0.088798 
52,5,-0.035650 
52,6,-0.319284 
52,7,-0.524917 
52,8,-0.696702 
52,9,-0.937922 
52,10,-1.005706 
52,11,-0.833087 
52,12,-0.619158 
52,13,-0.494595 
52,14,-0.389004 
52,15,-0.398550 
52,16,-0.366424 
52,17,-0.244156 
52,18,-0.162594 
52,19,-0.122203 
52,20,-0.104859 
52,21,-0.268822 
52,22,-0.487499 
52,23,-0.510218 
52,24,-0.448261 
52,25,-0.464800 
52,26,-0.365251 
52,27,-0.174344 
52,28,0.039424 
52,29,0.194118 
52,30,0.254504 
52,31,0.299820 
52,32,0.255548 
52,33,0.306856 
52,34,0.262108 
52,35,0.181067 
52,36,0.151938 
52,37,0.094116 
52,38,0.051946 
52,39,0.015669 
52,40,-0.177105 
52,41,-0.254423 
52,42,-0.039703 
52,43,0.037445 
52,44,0.181311 
52,45,0.292324 
52,46,0.246163 
52,47,0.351565 
52,48,0.501565 
52,49,0.428660 
52,50,0.356985 
52,51,0.330983 
52,52,0.298553 
52,53,0.410546 
52,54,0.445020 
52,55,0.469895 
52,56,0.496835 
52,57,0.373495 
52,58,0.291148 
52,59,0.354035 
52,60,0.237014 
52,61,0.026202 
52,62,-0.086350 
52,63,0.594288 
53,0,0.626592 
53,1,0.724323 
53,2,0.676903 
53,3,0.432009 
53,4,0.228477 
53,5,0.020727 
53,6,-0.276592 
53,7,-0.516744 
53,8,-0.664027 
53,9,-0.862896 
53,10,-0.987039 
53,11,-0.830371 
53,12,-0.669008 
53,13,-0.642949 
53,14,-0.628729 
53,15,-0.598929 
53,16,-0.606489 
53,17,-0.560585 
53,18,-0.443493 
53,19,-0.349046 
53,20,-0.370150 
53,21,-0.478370 
53,22,-0.511746 
53,23,-0.523059 
53,24,-0.545836 
53,25,-0.505928 
53,26,-0.308766 
53,27,-0.145719 
53,28,0.033487 
53,29,0.238960 
53,30,0.283918 
53,31,0.230274 
53,32,0.187772 
53,33,0.178531 
53,34,0.192608 
53,35,0.248894 
53,36,0.206675 
53,37,0.154395 
53,38,0.220073 
53,39,0.208718 
53,40,-0.003966 
53,41,-0.091000 
53,42,0.002226 
53,43,0.082087 
53,44,0.278846 
53,45,0.360897 
53,46,0.233364 
53,47,0.307501 
53,48,0.378865 
53,49,0.271876 
53,50,0.284738 
53,51,0.238003 
53,52,0.208855 
53,53,0.334934 
53,54,0.402108 
53,55,0.443136 
53,56,0.360226 
53,57,0.230501 
53,58,0.217676 
53,59,0.244570 
53,60,0.085595 
53,61,-0.104456 
53,62,-0.160254 
53,63,0.521291 
54,0,0.492155 
54,1,0.635726 
54,2,0.706863 
54,3,0.526805 
54,4,0.345511 
54,5,0.058580 
54,6,-0.184413 
54,7,-0.385235 
54,8,-0.584674 
54,9,-0.823906 
54,10,-1.001837 
54,11,-0.870034 
54,12,-0.669560 
54,13,-0.653179 
54,14,-0.724518 
54,15,-0.644380 
54,16,-0.643697 
54,17,-0.604994 
54,18,-0.563600 
54,19,-0.541282 
54,20,-0.516094 
54,21,-0.505165 
54,22,-0.441161 
54,23,-0.505646 
54,24,-0.568982 
54,25,-0.425716 
54,26,-0.203353 
54,27,-0.150626 
54,28,-0.009764 
54,29,0.235909 
54,30,0.318129 
54,31,0.219358 
54,32,0.175068 
54,33,0.096518 
54,34,0.054572 
54,35,0.170154 
54,36,0.223134 
54,37,0.252952 
54,38,0.282254 
54,39,0.168289 
54,40,0.006870 
54,41,-0.023249 
54,42,0.064908 
54,43,0.253258 
54,44,0.381813 
54,45,0.326591 
54,46,0.158267 
54,47,0.237577 
54,48,0.352990 
54,49,0.337385 
54,50,0.336358 
54,51,0.151468 
54,52,0.089334 
54,53,0.204569 
54,54,0.298126 
54,55,0.349262 
54,56,0.275182 
54,57,0.254401 
54,58,0.225497 
54,59,0.123268 
54,60,-0.070427 
54,61,-0.231897 
54,62,-0.266174 
54,63,0.547295 
55,0,0.505496 
55,1,0.571763 
55,2,0.699042 
55,3,0.632081 
55,4,0.350886 
55,5,0.025562 
55,6,-0.176994 
55,7,-0.372322 
55,8,-0.539690 
55,9,-0.751667 
55,10,-0.921777 
55,11,-0.844451 
55,12,-0.730225 
55,13,-0.713350 
55,14,-0.745935 
55,15,-0.729036 
55,16,-0.690431 
55,17,-0.618373 
55,18,-0.536992 
55,19,-0.526746 
55,20,-0.505301 
55,21,-0.437035 
55,22,-0.426956 
55,23,-0.451544 
55,24,-0.490843 
55,25,-0.453280 
55,26,-0.233170 
55,27,-0.118941 
55,28,0.046688 
55,29,0.217155 
55,30,0.317940 
55,31,0.308554 
55,32,0.116265 
55,33,0.022431 
55,34,0.079380 
55,35,0.189443 
55,36,0.308538 
55,37,0.343754 
55,38,0.268224 
55,39,0.113795 
55,40,0.044339 
55,41,0.087925 
55,42,0.189250 
55,43,0.325081 
55,44,0.376171 
55,45,0.303760 
55,46,0.241369 
55,47,0.355400 
55,48,0.438800 
55,49,0.426870 
55,50,0.334398 
55,51,0.139897 
55,52,0.098822 
55,53,0.163772 
55,54,0.238170 
55,55,0.315597 
55,56,0.316689 
55,57,0.276235 
55,58,0.237197 
55,59,0.157149 
55,60,-0.118841 
55,61,-0.391059 
55,62,-0.436811 
55,63,0.637885 
56,0,0.641914 
56,1,0.659232 
56,2,0.664226 
56,3,0.559454 
56,4,0.315020 
56,5,0.075552 
56,6,-0.070252 
56,7,-0.255446 
56,8,-0.439253 
56,9,-0.667845 
56,10,-0.853642 
56,11,-0.850605 
56,12,-0.773832 
56,13,-0.693476 
56,14,-0.663261 
56,15,-0.699341 
56,16,-0.660648 
56,17,-0.590540 
56,18,-0.424599 
56,19,-0.388160 
56,20,-0.487965 
56,21,-0.499215 
56,22,-0.589764 
56,23,-0.608153 
56,24,-0.517485 
56,25,-0.478226 
56,26,-0.325116 
56,27,-0.209536 
56,28,0.035029 
56,29,0.199400 
56,30,0.171349 
56,31,0.103060 
56,32,-0.119157 
56,33,-0.105009 
56,34,0.092402 
56,35,0.197101 
56,36,0.362347 
56,37,0.411836 
56,38,0.368017 
56,39,0.300917 
56,40,0.160247 
56,41,0.105587 
56,42,0.195056 
56,43,0.275901 
56,44,0.387731 
56,45,0.455050 
56,46,0.442054 
56,47,0.506888 
56,48,0.571781 
56,49,0.562194 
56,50,0.374325 
56,51,0.190166 
56,52,0.141944 
56,53,0.107838 
56,54,0.144029 
56,55,0.241263 
56,56,0.285727 
56,57,0.205853 
56,58,0.122076 
56,59,0.030953 
56,60,-0.177652 
56,61,-0.424337 
56,62,-0.465924 
56,63,0.627701 
57,0,0.631014 
57,1,0.670558 
57,2,0.644771 
57,3,0.576886 
57,4,0.449751 
57,5,0.200271 
57,6,0.058645 
57,7,-0.088773 
57,8,-0.331848 
57,9,-0.571132 
57,10,-0.807001 
57,11,-0.938564 
57,12,-0.881576 
57,13,-0.706699 
57,14,-0.679427 
57,15,-0.679323 
57,16,-0.607755 
57,17,-0.581310 
57,18,-0.479311 
57,19,-0.403473 
57,20,-0.448074 
57,21,-0.594844 
57,22,-0.753479 
57,23,-0.722475 
57,24,-0.632337 
57,25,-0.606468 
57,26,-0.529373 
57,27,-0.378579 
57,28,-0.096619 
57,29,0.110903 
57,30,0.048229 
57,31,-0.096344 
57,32,-0.267257 
57,33,-0.213548 
57,34,0.058181 
57,35,0.226470 
57,36,0.426982 
57,37,0.473351 
57,38,0.414887 
57,39,0.405064 
57,40,0.257816 
57,41,0.104096 
57,42,0.118676 
57,43,0.208364 
57,44,0.338868 
57,45,0.481378 
57,46,0.539934 
57,47,0.593745 
57,48,0.654940 
57,49,0.642381 
57,50,0.466355 
57,51,0.206782 
57,52,0.048687 
57,53,0.020331 
57,54,0.100807 
57,55,0.174713 
57,56,0.148645 
57,57,0.101641 
57,58,0.081031 
57,59,-0.072825 
57,60,-0.205703 
57,61,-0.328745 
57,62,-0.444529 
57,63,0.543671 
58,0,0.504132 
58,1,0.538957 
58,2,0.544689 
58,3,0.575765 
58,4,0.566532 
58,5,0.309151 
58,6,0.117511 
58,7,-0.067855 
58,8,-0.352882 
58,9,-0.560580 
58,10,-0.715320 
58,11,-0.874334 
58,12,-1.001227 
58,13,-0.903129 
58,14,-0.863160 
58,15,-0.773945 
58,16,-0.613468 
58,17,-0.601277 
58,18,-0.526775 
58,19,-0.354053 
58,20,-0.276345 
58,21,-0.481858 
58,22,-0.779646 
58,23,-0.803412 
58,24,-0.759114 
58,25,-0.780197 
58,26,-0.725982 
58,27,-0.481594 
58,28,-0.235814 
58,29,-0.076005 
58,30,-0.089549 
58,31,-0.211618 
58,32,-0.319694 
58,33,-0.230326 
58,34,0.068217 
58,35,0.263749 
58,36,0.481116 
58,37,0.501401 
58,38,0.376680 
58,39,0.372624 
58,40,0.280925 
58,41,0.113603 
58,42,0.074356 
58,43,0.163528 
58,44,0.301475 
58,45,0.496726 
58,46,0.628376 
58,47,0.685044 
58,48,0.672765 
58,49,0.616151 
58,50,0.537855 
58,51,0.288567 
58,52,0.082153 
58,53,0.107114 
58,54,0.118432 
58,55,0.050149 
58,56,0.045836 
58,57,0.118627 
58,58,0.206918 
58,59,0.045230 
58,60,-0.180464 
58,61,-0.349176 
58,62,-0.502010 
58,63,0.322740 
59,0,0.329776 
59,1,0.372405 
59,2,0.340037 
59,3,0.349483 
59,4,0.384016 
59,5,0.304777 
59,6,0.152472 
59,7,-0.047261 
59,8,-0.235173 
59,9,-0.437406 
59,10,-0.561990 
59,11,-0.630028 
59,12,-0.863793 
59,13,-1.004401 
59,14,-0.923812 
59,15,-0.734044 
59,16,-0.631898 
59,17,-0.606605 
59,18,-0.559310 
59,19,-0.378084 
59,20,-0.197633 
59,21,-0.363411 
59,22,-0.656109 
59,23,-0.795927 
59,24,-0.859404 
59,25,-0.816369 
59,26,-0.749556 
59,27,-0.605443 
59,28,-0.372298 
59,29,-0.208777 
59,30,-0.235207 
59,31,-0.322123 
59,32,-0.390039 
59,33,-0.349609 
59,34,-0.083469 
59,35,0.156113 
59,36,0.413236 
59,37,0.461213 
59,38,0.313527 
59,39,0.282345 
59,40,0.171611 
59,41,0.025955 
59,42,0.111180 
59,43,0.262346 
59,44,0.369545 
59,45,0.517574 
59,46,0.640062 
59,47,0.639080 
59,48,0.571320 
59,49,0.562109 
59,50,0.439885 
59,51,0.234970 
59,52,0.165602 
59,53,0.150274 
59,54,0.073334 
59,55,-0.017121 
59,56,0.003325 
59,57,0.133235 
59,58,0.198675 
59,59,0.073827 
59,60,-0.137493 
59,61,-0.382640 
59,62,-0.454379 
59,63,0.122795 
60,0,0.094392 
60,1,0.048098 
60,2,0.090445 
60,3,0.194614 
60,4,0.213601 
60,5,0.275612 
60,6,0.205512 
60,7,0.045791 
60,8,-0.052989 
60,9,-0.260392 
60,10,-0.410328 
60,11,-0.441855 
60,12,-0.590510 
60,13,-0.801809 
60,14,-0.845091 
60,15,-0.737673 
60,16,-0.683782 
60,17,-0.621020 
60,18,-0.619092 
60,19,-0.457634 
60,20,-0.206593 
60,21,-0.339908 
60,22,-0.490736 
60,23,-0.612295 
60,24,-0.830651 
60,25,-0.788869 
60,26,-0.645911 
60,27,-0.533515 
60,28,-0.315803 
60,29,-0.132002 
60,30,-0.199208 
60,31,-0.291711 
60,32,-0.330825 
60,33,-0.368728 
60,34,-0.198191 
60,35,0.037568 
60,36,0.287612 
60,37,0.326929 
60,38,0.213905 
60,39,0.206399 
60,40,0.158994 
60,41,0.127156 
60,42,0.213850 
60,43,0.302279 
60,44,0.399334 
60,45,0.501308 
60,46,0.597048 
60,47,0.539344 
60,48,0.363496 
60,49,0.325629 
60,50,0.194023 
60,51,0.076196 
60,52,0.088109 
60,53,0.001702 
60,54,-0.064096 
60,55,-0.096061 
60,56,-0.144152 
60,57,-0.053332 
60,58,-0.022004 
60,59,-0.110745 
60,60,-0.122545 
60,61,-0.245518 
60,62,-0.331902 
60,63,0.105357 
61,0,-0.001959 
61,1,-0.192372 
61,2,-0.210480 
61,3,-0.073921 
61,4,0.038048 
61,5,0.090601 
61,6,0.091045 
61,7,0.014110 
61,8,-0.127274 
61,9,-0.199709 
61,10,-0.145449 
61,11,-0.156160 
61,12,-0.347199 
61,13,-0.520165 
61,14,-0.650206 
61,15,-0.659776 
61,16,-0.562798 
61,17,-0.477866 
61,18,-0.508003 
61,19,-0.426750 
61,20,-0.226867 
61,21,-0.247102 
61,22,-0.361709 
61,23,-0.558354 
61,24,-0.790510 
61,25,-0.795936 
61,26,-0.679080 
61,27,-0.498410 
61,28,-0.242346 
61,29,-0.160748 
61,30,-0.226972 
61,31,-0.313979 
61,32,-0.381397 
61,33,-0.308238 
61,34,-0.135850 
61,35,0.026782 
61,36,0.152793 
61,37,0.188212 
61,38,0.208566 
61,39,0.185976 
61,40,0.152752 
61,41,0.185955 
61,42,0.171881 
61,43,0.225798 
61,44,0.376692 
61,45,0.476519 
61,46,0.559936 
61,47,0.463976 
61,48,0.230469 
61,49,0.068585 
61,50,-0.028451 
61,51,-0.119832 
61,52,-0.202703 
61,53,-0.215461 
61,54,-0.163828 
61,55,-0.207120 
61,56,-0.318420 
61,57,-0.224131 
61,58,-0.194966 
61,59,-0.286876 
61,60,-0.179035 
61,61,-0.162518 
61,62,-0.185364 
61,63,-0.054200 
62,0,-0.056270 
62,1,-0.221217 
62,2,-0.375677 
62,3,-0.297094 
62,4,-0.098759 
62,5,-0.068780 
62,6,-0.011366 
62,7,0.000612 
62,8,-0.138143 
62,9,-0.047504 
62,10,0.114265 
62,11,0.061026 
62,12,-0.129566 
62,13,-0.226393 
62,14,-0.318406 
62,15,-0.338255 
62,16,-0.346543 
62,17,-0.380239 
62,18,-0.423844 
62,19,-0.424667 
62,20,-0.308469 
62,21,-0.245077 
62,22,-0.262451 
62,23,-0.472686 
62,24,-0.715863 
62,25,-0.728779 
62,26,-0.671072 
62,27,-0.484036 
62,28,-0.196432 
62,29,-0.222912 
62,30,-0.281809 
62,31,-0.345800 
62,32,-0.441290 
62,33,-0.245730 
62,34,-0.016491 
62,35,0.088663 
62,36,0.102264 
62,37,0.150548 
62,38,0.202682 
62,39,0.097781 
62,40,0.026387 
62,41,0.032290 
62,42,0.022878 
62,43,0.179703 
62,44,0.314821 
62,45,0.339491 
62,46,0.387670 
62,47,0.227051 
62,48,0.083802 
62,49,-0.031977 
62,50,-0.157446 
62,51,-0.310760 
62,52,-0.378384 
62,53,-0.210025 
62,54,-0.105984 
62,55,-0.227513 
62,56,-0.388230 
62,57,-0.267749 
62,58,-0.171908 
62,59,-0.198659 
62,60,-0.146199 
62,61,-0.196155 
62,62,-0.145859 
62,63,-0.098491 
63,0,-0.099534 
63,1,-0.120830 
63,2,-0.221622 
63,3,-0.221511 
63,4,-0.066430 
63,5,-0.013388 
63,6,0.103312 
63,7,0.140079 
63,8,-0.039806 
63,9,0.003012 
63,10,0.123965 
63,11,0.154621 
63,12,0.124830 
63,13,0.092873 
63,14,-0.035209 
63,15,-0.133809 
63,16,-0.132222 
63,17,-0.173751 
63,18,-0.250548 
63,19,-0.269543 
63,20,-0.207734 
63,21,-0.196365 
63,22,-0.234776 
63,23,-0.453981 
63,24,-0.683581 
63,25,-0.747396 
63,26,-0.655583 
63,27,-0.451565 
63,28,-0.221643 
63,29,-0.128078 
63,30,-0.166811 
63,31,-0.225056 
63,32,-0.187756 
63,33,-0.037335 
63,34,0.120472 
63,35,0.152254 
63,36,0.108570 
63,37,0.107823 
63,38,0.087277 
63,39,0.018516 
63,40,-0.107429 
63,41,-0.145226 
63,42,-0.126799 
63,43,0.033523 
63,44,0.199423 
63,45,0.253492 
63,46,0.260545 
63,47,0.088073 
63,48,-0.025936 
63,49,-0.054865 
63,50,-0.144709 
63,51,-0.340786 
63,52,-0.285559 
63,53,-0.055530 
63,54,-0.081569 
63,55,-0.208820 
63,56,-0.283152 
63,57,-0.187890 
63,58,-0.045338 
63,59,-0.015887 
63,60,-0.092205 
63,61,-0.138152 
63,62,-0.115471 
63,63,0.000000 
