64,64
0,0,0.261949 
0,1,0.277180 
0,2,0.086006 
0,3,-0.088462 
0,4,-0.221057 
0,5,-0.489885 
0,6,-0.553700 
0,7,-0.549432 
0,8,-0.618977 
0,9,-0.467636 
0,10,-0.405091 
0,11,-0.442394 
0,12,-0.272183 
0,13,-0.157408 
0,14,-0.046784 
0,15,0.000000 
0,16,-0.095072 
0,17,-0.092834 
0,18,0.022860 
0,19,0.077831 
0,20,0.089914 
0,21,0.109333 
0,22,0.129152 
0,23,0.334827 
0,24,0.522567 
0,25,0.664566 
0,26,0.662789 
0,27,0.513143 
0,28,0.305783 
0,29,0.195730 
0,30,0.113208 
0,31,0.000000 
0,32,0.026064 
0,33,-0.027277 
0,34,-0.052317 
0,35,-0.020437 
0,36,-0.068916 
0,37,-0.071168 
0,38,-0.088712 
0,39,0.030496 
0,40,0.103167 
0,41,-0.041114 
0,42,-0.058911 
0,43,0.007255 
0,44,0.059721 
0,45,0.215564 
0,46,0.140515 
0,47,0.000000 
0,48,-0.128425 
0,49,-0.221382 
0,50,-0.121613 
0,51,0.036067 
0,52,0.207020 
0,53,0.303308 
0,54,0.322980 
0,55,0.198181 
0,56,0.028930 
0,57,0.001417 
0,58,-0.064271 
0,59,-0.139736 
0,60,-0.212139 
0,61,-0.227009 
0,62,-0.068665 
0,63,0.090376 
1,0,0.350043 
1,1,0.481492 
1,2,0.320505 
1,3,0.056908 
1,4,-0.227491 
1,5,-0.523077 
1,6,-0.640736 
1,7,-0.664461 
1,8,-0.623499 
1,9,-0.495734 
1,10,-0.400161 
1,11,-0.353319 
1,12,-0.290280 
1,13,-0.183502 
1,14,0.016826 
1,15,0.157210 
1,16,-0.005864 
1,17,-0.158802 
1,18,-0.076830 
1,19,0.007070 
1,20,0.018885 
1,21,0.068732 
1,22,0.169230 
1,23,0.306629 
1,24,0.469589 
1,25,0.531737 
1,26,0.443764 
1,27,0.289840 
1,28,0.114520 
1,29,0.108906 
1,30,0.062693 
1,31,-0.018534 
1,32,0.043620 
1,33,0.010123 
1,34,-0.031631 
1,35,-0.043660 
1,36,-0.061235 
1,37,-0.041450 
1,38,-0.059499 
1,39,-0.011323 
1,40,-0.000705 
1,41,-0.086612 
1,42,-0.016088 
1,43,0.041367 
1,44,0.030421 
1,45,0.114745 
1,46,0.082506 
1,47,0.004594 
1,48,-0.130370 
1,49,-0.168306 
1,50,-0.019972 
1,51,0.182562 
1,52,0.379278 
1,53,0.448637 
1,54,0.313614 
1,55,0.119326 
1,56,0.052697 
1,57,0.021148 
1,58,-0.038792 
1,59,-0.058970 
1,60,-0.089751 
1,61,-0.092079 
1,62,0.022387 
1,63,0.273097 
2,0,0.373499 
2,1,0.478016 
2,2,0.438306 
2,3,0.189352 
2,4,-0.167046 
2,5,-0.392380 
2,6,-0.543872 
2,7,-0.593515 
2,8,-0.466224 
2,9,-0.393336 
2,10,-0.319939 
2,11,-0.236059 
2,12,-0.234030 
2,13,-0.101286 
2,14,0.018438 
2,15,0.119450 
2,16,0.182671 
2,17,0.155903 
2,18,0.090564 
2,19,0.058716 
2,20,0.062188 
2,21,0.134465 
2,22,0.306418 
2,23,0.361380 
2,24,0.422264 
2,25,0.357027 
2,26,0.218835 
2,27,0.078766 
2,28,-0.083696 
2,29,-0.008962 
2,30,0.034881 
2,31,0.060783 
2,32,0.086479 
2,33,0.002875 
2,34,-0.063175 
2,35,-0.152031 
2,36,-0.196205 
2,37,-0.195963 
2,38,-0.154818 
2,39,-0.137466 
2,40,-0.110169 
2,41,-0.045206 
2,42,0.087344 
2,43,0.096615 
2,44,0.065831 
2,45,0.175196 
2,46,0.146156 
2,47,0.061038 
2,48,-0.064437 
2,49,-0.056647 
2,50,0.036035 
2,51,0.184301 
2,52,0.358865 
2,53,0.376061 
2,54,0.309784 
2,55,0.259162 
2,56,0.178935 
2,57,0.050184 
2,58,-0.014385 
2,59,-0.004900 
2,60,0.056661 
2,61,0.102960 
2,62,0.161750 
2,63,0.592541 
3,0,0.553257 
3,1,0.528254 
3,2,0.438010 
3,3,0.190166 
3,4,-0.120313 
3,5,-0.282196 
3,6,-0.358764 
3,7,-0.321731 
3,8,-0.265381 
3,9,-0.223630 
3,10,-0.197861 
3,11,-0.238288 
3,12,-0.156234 
3,13,-0.027702 
3,14,-0.013781 
3,15,0.091136 
3,16,0.340224 
3,17,0.432240 
3,18,0.260079 
3,19,0.138670 
3,20,0.177347 
3,21,0.307755 
3,22,0.346501 
3,23,0.258414 
3,24,0.296292 
3,25,0.239341 
3,26,0.140648 
3,27,-0.012367 
3,28,-0.180331 
3,29,-0.092035 
3,30,-0.091418 
3,31,-0.109924 
3,32,-0.068596 
3,33,-0.061540 
3,34,-0.082288 
3,35,-0.193406 
3,36,-0.233281 
3,37,-0.214231 
3,38,-0.181333 
3,39,-0.135418 
3,40,-0.091625 
3,41,-0.071368 
3,42,0.027333 
3,43,0.034541 
3,44,0.034185 
3,45,0.165588 
3,46,0.208232 
3,47,0.139720 
3,48,0.067883 
3,49,0.087391 
3,50,0.145871 
3,51,0.251816 
3,52,0.320530 
3,53,0.325176 
3,54,0.326688 
3,55,0.388114 
3,56,0.260165 
3,57,0.111492 
3,58,0.106141 
3,59,0.114082 
3,60,0.223555 
3,61,0.323495 
3,62,0.391930 
3,63,0.707100 
4,0,0.658860 
4,1,0.605832 
4,2,0.462600 
4,3,0.232486 
4,4,-0.050801 
4,5,-0.145342 
4,6,-0.181551 
4,7,-0.118638 
4,8,-0.103967 
4,9,-0.095079 
4,10,-0.046386 
4,11,-0.114069 
4,12,-0.103100 
4,13,-0.115220 
4,14,-0.043473 
4,15,0.191819 
4,16,0.470671 
4,17,0.560529 
4,18,0.433866 
4,19,0.380973 
4,20,0.294598 
4,21,0.299215 
4,22,0.362397 
4,23,0.314064 
4,24,0.278764 
4,25,0.172225 
4,26,0.111708 
4,27,-0.068626 
4,28,-0.341968 
4,29,-0.366321 
4,30,-0.373903 
4,31,-0.367707 
4,32,-0.302664 
4,33,-0.180682 
4,34,-0.144216 
4,35,-0.271802 
4,36,-0.298580 
4,37,-0.260517 
4,38,-0.251486 
4,39,-0.173318 
4,40,-0.057446 
4,41,-0.060670 
4,42,0.004533 
4,43,0.047542 
4,44,0.056627 
4,45,0.146600 
4,46,0.289398 
4,47,0.285546 
4,48,0.216760 
4,49,0.201627 
4,50,0.229005 
4,51,0.296897 
4,52,0.350220 
4,53,0.418118 
4,54,0.319471 
4,55,0.338560 
4,56,0.305427 
4,57,0.268747 
4,58,0.366822 
4,59,0.412511 
4,60,0.492974 
4,61,0.566564 
4,62,0.520420 
4,63,0.790816 
5,0,0.746267 
5,1,0.704833 
5,2,0.543803 
5,3,0.359173 
5,4,0.149608 
5,5,0.100553 
5,6,0.148570 
5,7,0.194864 
5,8,0.170522 
5,9,0.068234 
5,10,0.030634 
5,11,0.023356 
5,12,0.000966 
5,13,-0.027742 
5,14,0.086939 
5,15,0.264295 
5,16,0.529904 
5,17,0.734299 
5,18,0.683734 
5,19,0.568998 
5,20,0.386520 
5,21,0.340220 
5,22,0.448776 
5,23,0.371665 
5,24,0.226770 
5,25,0.126870 
5,26,0.026108 
5,27,-0.115541 
5,28,-0.429250 
5,29,-0.658485 
5,30,-0.615271 
5,31,-0.521164 
5,32,-0.514854 
5,33,-0.429687 
5,34,-0.375086 
5,35,-0.482127 
5,36,-0.540384 
5,37,-0.446117 
5,38,-0.360438 
5,39,-0.310762 
5,40,-0.176640 
5,41,-0.031942 
5,42,0.046000 
5,43,0.074105 
5,44,0.146378 
5,45,0.186497 
5,46,0.287408 
5,47,0.342176 
5,48,0.290878 
5,49,0.280612 
5,50,0.325482 
5,51,0.321994 
5,52,0.333976 
5,53,0.400578 
5,54,0.323269 
5,55,0.350338 
5,56,0.366181 
5,57,0.400676 
5,58,0.539539 
5,59,0.568093 
5,60,0.598644 
5,61,0.621372 
5,62,0.456681 
5,63,1.011311 
6,0,0.864139 
6,1,0.747667 
6,2,0.548574 
6,3,0.376580 
6,4,0.223771 
6,5,0.171147 
6,6,0.317858 
6,7,0.393881 
6,8,0.400804 
6,9,0.282494 
6,10,0.135635 
6,11,0.149941 
6,12,0.211218 
6,13,0.261875 
6,14,0.357526 
6,15,0.396944 
6,16,0.546933 
6,17,0.772368 
6,18,0.854549 
6,19,0.745889 
6,20,0.535110 
6,21,0.508553 
6,22,0.516675 
6,23,0.261037 
6,24,0.018617 
6,25,-0.071627 
6,26,-0.239858 
6,27,-0.345254 
6,28,-0.506217 
6,29,-0.729374 
6,30,-0.761510 
6,31,-0.736545 
6,32,-0.674094 
6,33,-0.529124 
6,34,-0.482787 
6,35,-0.557549 
6,36,-0.637822 
6,37,-0.503275 
6,38,-0.338196 
6,39,-0.292743 
6,40,-0.196413 
6,41,0.028536 
6,42,0.128857 
6,43,0.142914 
6,44,0.226545 
6,45,0.177319 
6,46,0.214138 
6,47,0.295370 
6,48,0.320055 
6,49,0.371047 
6,50,0.472721 
6,51,0.432648 
6,52,0.343812 
6,53,0.361882 
6,54,0.338694 
6,55,0.420605 
6,56,0.506128 
6,57,0.608411 
6,58,0.757878 
6,59,0.734919 
6,60,0.664263 
6,61,0.594890 
6,62,0.443443 
6,63,1.092783 
7,0,0.888681 
7,1,0.673951 
7,2,0.532703 
7,3,0.474689 
7,4,0.296078 
7,5,0.237478 
7,6,0.355782 
7,7,0.409641 
7,8,0.404603 
7,9,0.341813 
7,10,0.295217 
7,11,0.296166 
7,12,0.387235 
7,13,0.514170 
7,14,0.572782 
7,15,0.562975 
7,16,0.629379 
7,17,0.744233 
7,18,0.883077 
7,19,0.895674 
7,20,0.679126 
7,21,0.529047 
7,22,0.414406 
7,23,0.176584 
7,24,-0.141597 
7,25,-0.370400 
7,26,-0.499102 
7,27,-0.665072 
7,28,-0.794596 
7,29,-0.823403 
7,30,-0.874113 
7,31,-0.888913 
7,32,-0.753255 
7,33,-0.635502 
7,34,-0.527041 
7,35,-0.497099 
7,36,-0.612039 
7,37,-0.514379 
7,38,-0.338329 
7,39,-0.223123 
7,40,-0.044030 
7,41,0.104221 
7,42,0.158770 
7,43,0.234237 
7,44,0.274585 
7,45,0.221460 
7,46,0.275689 
7,47,0.350447 
7,48,0.379840 
7,49,0.457368 
7,50,0.558488 
7,51,0.552301 
7,52,0.465067 
7,53,0.409610 
7,54,0.372598 
7,55,0.474638 
7,56,0.631154 
7,57,0.778419 
7,58,0.886368 
7,59,0.872119 
7,60,0.773886 
7,61,0.618864 
7,62,0.462341 
7,63,0.993126 
8,0,0.877122 
8,1,0.693082 
8,2,0.480403 
8,3,0.405547 
8,4,0.227063 
8,5,0.196571 
8,6,0.344001 
8,7,0.422861 
8,8,0.417519 
8,9,0.431289 
8,10,0.488763 
8,11,0.468439 
8,12,0.563321 
8,13,0.765069 
8,14,0.806123 
8,15,0.775244 
8,16,0.845513 
8,17,0.897604 
8,18,0.846516 
8,19,0.749914 
8,20,0.625850 
8,21,0.470673 
8,22,0.298990 
8,23,0.140824 
8,24,-0.159460 
8,25,-0.435861 
8,26,-0.538053 
8,27,-0.786895 
8,28,-1.040286 
8,29,-1.042598 
8,30,-0.998333 
8,31,-0.936953 
8,32,-0.741089 
8,33,-0.621288 
8,34,-0.483023 
8,35,-0.425636 
8,36,-0.495308 
8,37,-0.340932 
8,38,-0.201061 
8,39,-0.090480 
8,40,0.181707 
8,41,0.262723 
8,42,0.154495 
8,43,0.192519 
8,44,0.274119 
8,45,0.319657 
8,46,0.465227 
8,47,0.591654 
8,48,0.602618 
8,49,0.680538 
8,50,0.674900 
8,51,0.620269 
8,52,0.532926 
8,53,0.385232 
8,54,0.397005 
8,55,0.559948 
8,56,0.693110 
8,57,0.794774 
8,58,0.770179 
8,59,0.699107 
8,60,0.629469 
8,61,0.469802 
8,62,0.413658 
8,63,1.003550 
9,0,0.858342 
9,1,0.662975 
9,2,0.476530 
9,3,0.279860 
9,4,0.131486 
9,5,0.089412 
9,6,0.218095 
9,7,0.360801 
9,8,0.328569 
9,9,0.394641 
9,10,0.522952 
9,11,0.604430 
9,12,0.748576 
9,13,0.925201 
9,14,0.972206 
9,15,0.912764 
9,16,0.934299 
9,17,0.886786 
9,18,0.777030 
9,19,0.648315 
9,20,0.490066 
9,21,0.393871 
9,22,0.258256 
9,23,0.033814 
9,24,-0.237128 
9,25,-0.489523 
9,26,-0.635167 
9,27,-0.836547 
9,28,-1.090723 
9,29,-1.208863 
9,30,-1.190606 
9,31,-1.107349 
9,32,-0.862030 
9,33,-0.608824 
9,34,-0.418773 
9,35,-0.219795 
9,36,-0.142820 
9,37,-0.024536 
9,38,0.035776 
9,39,0.149650 
9,40,0.359078 
9,41,0.407585 
9,42,0.222196 
9,43,0.095203 
9,44,0.195108 
9,45,0.339109 
9,46,0.576146 
9,47,0.762500 
9,48,0.705285 
9,49,0.686641 
9,50,0.633914 
9,51,0.540742 
9,52,0.530552 
9,53,0.404526 
9,54,0.377684 
9,55,0.581027 
9,56,0.749469 
9,57,0.784238 
9,58,0.714374 
9,59,0.623231 
9,60,0.453457 
9,61,0.292989 
9,62,0.342682 
9,63,0.899810 
10,0,0.760258 
10,1,0.597197 
10,2,0.507032 
10,3,0.239192 
10,4,0.076827 
10,5,-0.018917 
10,6,0.012992 
10,7,0.140577 
10,8,0.125052 
10,9,0.306329 
10,10,0.440132 
10,11,0.543996 
10,12,0.709452 
10,13,0.823398 
10,14,0.880100 
10,15,0.800726 
10,16,0.820378 
10,17,0.741471 
10,18,0.616523 
10,19,0.501860 
10,20,0.311250 
10,21,0.250928 
10,22,0.163439 
10,23,-0.106545 
10,24,-0.415436 
10,25,-0.700152 
10,26,-0.821361 
10,27,-0.904723 
10,28,-1.021177 
10,29,-1.125165 
10,30,-1.204307 
10,31,-1.185632 
10,32,-0.951583 
10,33,-0.650350 
10,34,-0.470894 
10,35,-0.164651 
10,36,0.023448 
10,37,0.080288 
10,38,0.134267 
10,39,0.297899 
10,40,0.371855 
10,41,0.360831 
10,42,0.266111 
10,43,0.123286 
10,44,0.118570 
10,45,0.211116 
10,46,0.436154 
10,47,0.611861 
10,48,0.605412 
10,49,0.598580 
10,50,0.559248 
10,51,0.511323 
10,52,0.577205 
10,53,0.458424 
10,54,0.328173 
10,55,0.482765 
10,56,0.646581 
10,57,0.612788 
10,58,0.601014 
10,59,0.581076 
10,60,0.452751 
10,61,0.402868 
10,62,0.345840 
10,63,0.630167 
11,0,0.599233 
11,1,0.526439 
11,2,0.327867 
11,3,0.090111 
11,4,-0.065990 
11,5,-0.205984 
11,6,-0.111699 
11,7,0.014804 
11,8,0.026992 
11,9,0.200439 
11,10,0.361614 
11,11,0.480383 
11,12,0.608561 
11,13,0.775430 
11,14,0.781337 
11,15,0.707773 
11,16,0.713308 
11,17,0.645998 
11,18,0.535483 
11,19,0.314588 
11,20,0.136352 
11,21,0.135032 
11,22,0.089022 
11,23,-0.167485 
11,24,-0.507632 
11,25,-0.822051 
11,26,-0.951886 
11,27,-0.889849 
11,28,-0.837007 
11,29,-0.939359 
11,30,-1.089824 
11,31,-1.105773 
11,32,-0.905929 
11,33,-0.644358 
11,34,-0.431931 
11,35,-0.215233 
11,36,-0.077642 
11,37,0.073560 
11,38,0.204200 
11,39,0.301862 
11,40,0.333355 
11,41,0.288495 
11,42,0.238958 
11,43,0.236414 
11,44,0.101538 
11,45,0.055829 
11,46,0.257500 
11,47,0.370543 
11,48,0.383875 
11,49,0.363069 
11,50,0.340163 
11,51,0.414936 
11,52,0.445435 
11,53,0.392015 
11,54,0.379903 
11,55,0.407533 
11,56,0.444949 
11,57,0.393310 
11,58,0.449075 
11,59,0.494290 
11,60,0.469005 
11,61,0.456438 
11,62,0.332169 
11,63,0.498112 
12,0,0.442586 
12,1,0.329832 
12,2,0.122220 
12,3,0.016254 
12,4,-0.086676 
12,5,-0.215494 
12,6,-0.107726 
12,7,-0.038022 
12,8,-0.012964 
12,9,0.097550 
12,10,0.230550 
12,11,0.344223 
12,12,0.442031 
12,13,0.683515 
12,14,0.697428 
12,15,0.669285 
12,16,0.593262 
12,17,0.466815 
12,18,0.484899 
12,19,0.274408 
12,20,0.059289 
12,21,0.080164 
12,22,0.002471 
12,23,-0.320162 
12,24,-0.582479 
12,25,-0.820373 
12,26,-0.970170 
12,27,-0.788993 
12,28,-0.636547 
12,29,-0.780313 
12,30,-0.896849 
12,31,-0.855386 
12,32,-0.732153 
12,33,-0.576031 
12,34,-0.379494 
12,35,-0.282362 
12,36,-0.194015 
12,37,0.044518 
12,38,0.176395 
12,39,0.158086 
12,40,0.227168 
12,41,0.234576 
12,42,0.157357 
12,43,0.207470 
12,44,0.079121 
12,45,0.017380 
12,46,0.190559 
12,47,0.224732 
12,48,0.190585 
12,49,0.111828 
12,50,-0.008921 
12,51,0.049924 
12,52,0.133152 
12,53,0.257935 
12,54,0.334763 
12,55,0.220363 
12,56,0.266679 
12,57,0.301805 
12,58,0.360121 
12,59,0.416922 
12,60,0.354478 
12,61,0.256566 
12,62,0.161484 
12,63,0.252833 
13,0,0.178038 
13,1,0.061253 
13,2,-0.072018 
13,3,-0.169890 
13,4,-0.247992 
13,5,-0.294521 
13,6,-0.233333 
13,7,-0.211686 
13,8,-0.166194 
13,9,-0.072469 
13,10,-0.011895 
13,11,0.098959 
13,12,0.307270 
13,13,0.476577 
13,14,0.501515 
13,15,0.503423 
13,16,0.471610 
13,17,0.417653 
13,18,0.364178 
13,19,0.179587 
13,20,0.044737 
13,21,0.084419 
13,22,-0.015090 
13,23,-0.351690 
13,24,-0.570060 
13,25,-0.658904 
13,26,-0.696180 
13,27,-0.598135 
13,28,-0.548599 
13,29,-0.584620 
13,30,-0.593998 
13,31,-0.554744 
13,32,-0.496562 
13,33,-0.395276 
13,34,-0.283548 
13,35,-0.245775 
13,36,-0.113361 
13,37,0.021102 
13,38,0.069941 
13,39,0.088803 
13,40,0.131194 
13,41,0.200034 
13,42,0.215513 
13,43,0.208061 
13,44,0.158287 
13,45,0.126576 
13,46,0.185725 
13,47,0.155169 
13,48,0.122153 
13,49,0.054549 
13,50,-0.139039 
13,51,-0.143781 
13,52,-0.059470 
13,53,-0.016867 
13,54,-0.021721 
13,55,-0.020198 
13,56,0.124430 
13,57,0.159617 
13,58,0.186945 
13,59,0.213386 
13,60,0.130759 
13,61,0.107640 
13,62,0.172594 
13,63,0.014534 
14,0,-0.034386 
14,1,-0.128174 
14,2,-0.217805 
14,3,-0.300196 
14,4,-0.340492 
14,5,-0.338455 
14,6,-0.301725 
14,7,-0.299445 
14,8,-0.285856 
14,9,-0.226337 
14,10,-0.167363 
14,11,-0.027299 
14,12,0.228881 
14,13,0.250040 
14,14,0.291435 
14,15,0.382395 
14,16,0.347933 
14,17,0.312208 
14,18,0.230841 
14,19,0.093266 
14,20,-0.000100 
14,21,0.032212 
14,22,0.071483 
14,23,-0.120445 
14,24,-0.386044 
14,25,-0.425458 
14,26,-0.382232 
14,27,-0.418666 
14,28,-0.478049 
14,29,-0.405763 
14,30,-0.367138 
14,31,-0.366798 
14,32,-0.340886 
14,33,-0.255352 
14,34,-0.170199 
14,35,-0.152225 
14,36,-0.009660 
14,37,-0.012507 
14,38,-0.052691 
14,39,0.019162 
14,40,0.075997 
14,41,0.210402 
14,42,0.300360 
14,43,0.238069 
14,44,0.173895 
14,45,0.100203 
14,46,0.146492 
14,47,0.114404 
14,48,-0.000210 
14,49,-0.121010 
14,50,-0.286211 
14,51,-0.283501 
14,52,-0.221470 
14,53,-0.261481 
14,54,-0.309552 
14,55,-0.134941 
14,56,0.030384 
14,57,-0.018766 
14,58,0.060767 
14,59,0.141701 
14,60,0.125341 
14,61,0.239728 
14,62,0.306363 
14,63,-0.056033 
15,0,-0.137800 
15,1,-0.286604 
15,2,-0.355135 
15,3,-0.260043 
15,4,-0.190551 
15,5,-0.192311 
15,6,-0.226673 
15,7,-0.351300 
15,8,-0.355733 
15,9,-0.223103 
15,10,-0.183756 
15,11,-0.115202 
15,12,0.022950 
15,13,-0.019809 
15,14,0.069521 
15,15,0.211673 
15,16,0.188569 
15,17,0.179198 
15,18,0.093132 
15,19,-0.000064 
15,20,-0.041428 
15,21,0.003854 
15,22,0.139588 
15,23,0.059767 
15,24,-0.165300 
15,25,-0.234672 
15,26,-0.192046 
15,27,-0.159075 
15,28,-0.186782 
15,29,-0.238152 
15,30,-0.255136 
15,31,-0.147074 
15,32,-0.067266 
15,33,-0.083092 
15,34,-0.039298 
15,35,0.017483 
15,36,0.007252 
15,37,-0.073932 
15,38,-0.070745 
15,39,-0.007419 
15,40,0.127089 
15,41,0.297864 
15,42,0.321625 
15,43,0.188752 
15,44,0.124647 
15,45,0.106391 
15,46,0.137751 
15,47,0.045540 
15,48,-0.108890 
15,49,-0.243857 
15,50,-0.390579 
15,51,-0.420829 
15,52,-0.414119 
15,53,-0.382312 
15,54,-0.381341 
15,55,-0.173993 
15,56,-0.035738 
15,57,-0.035682 
15,58,0.051688 
15,59,0.124979 
15,60,0.219539 
15,61,0.273359 
15,62,0.199359 
15,63,0.000000 
16,0,-0.073937 
16,1,-0.225842 
16,2,-0.427139 
16,3,-0.331807 
16,4,-0.202418 
16,5,-0.219510 
16,6,-0.222687 
16,7,-0.373216 
16,8,-0.404118 
16,9,-0.231297 
16,10,-0.108049 
16,11,0.010928 
16,12,0.040020 
16,13,-0.064068 
16,14,-0.051824 
16,15,0.000000 
16,16,0.042171 
16,17,0.118965 
16,18,-0.013524 
16,19,-0.084481 
16,20,-0.052070 
16,21,0.011715 
16,22,0.159137 
16,23,0.108529 
16,24,0.035559 
16,25,0.062020 
16,26,0.045326 
16,27,0.100476 
16,28,0.129274 
16,29,-0.039991 
16,30,-0.164313 
16,31,0.000000 
16,32,0.180501 
16,33,0.113609 
16,34,0.084413 
16,35,0.146012 
16,36,0.129543 
16,37,0.123556 
16,38,0.135068 
16,39,0.133843 
16,40,0.192436 
16,41,0.251976 
16,42,0.264127 
16,43,0.116463 
16,44,0.050228 
16,45,0.076678 
16,46,0.102880 
16,47,0.000000 
16,48,-0.137293 
16,49,-0.246465 
16,50,-0.388842 
16,51,-0.448808 
16,52,-0.540554 
16,53,-0.489388 
16,54,-0.360585 
16,55,-0.072515 
16,56,-0.000169 
16,57,0.003606 
16,58,0.058344 
16,59,0.082783 
16,60,0.233931 
16,61,0.178402 
16,62,0.029124 
16,63,0.043366 
17,0,-0.018406 
17,1,-0.189293 
17,2,-0.412240 
17,3,-0.363542 
17,4,-0.271923 
17,5,-0.297671 
17,6,-0.233233 
17,7,-0.232918 
17,8,-0.230936 
17,9,-0.115579 
17,10,-0.040439 
17,11,0.026878 
17,12,0.035468 
17,13,-0.050584 
17,14,-0.112430 
17,15,-0.117486 
17,16,-0.035916 
17,17,-0.026642 
17,18,-0.119339 
17,19,-0.175901 
17,20,-0.121782 
17,21,0.019098 
17,22,0.206788 
17,23,0.210851 
17,24,0.193328 
17,25,0.227547 
17,26,0.222052 
17,27,0.295232 
17,28,0.315217 
17,29,0.195763 
17,30,0.044213 
17,31,0.125743 
17,32,0.260856 
17,33,0.258944 
17,34,0.166629 
17,35,0.112402 
17,36,0.202939 
17,37,0.228875 
17,38,0.211950 
17,39,0.271940 
17,40,0.292243 
17,41,0.273138 
17,42,0.220308 
17,43,0.107571 
17,44,0.105567 
17,45,0.068848 
17,46,0.070860 
17,47,0.014720 
17,48,-0.150206 
17,49,-0.243510 
17,50,-0.362701 
17,51,-0.539851 
17,52,-0.667852 
17,53,-0.585174 
17,54,-0.308010 
17,55,-0.010154 
17,56,0.037283 
17,57,0.051864 
17,58,0.018531 
17,59,-0.040215 
17,60,0.041494 
17,61,0.039126 
17,62,-0.063315 
17,63,-0.149977 
18,0,-0.218595 
18,1,-0.399270 
18,2,-0.524522 
18,3,-0.424402 
18,4,-0.270143 
18,5,-0.206497 
18,6,-0.205158 
18,7,-0.172651 
18,8,-0.177318 
18,9,-0.162379 
18,10,-0.113338 
18,11,-0.061828 
18,12,-0.101638 
18,13,-0.195750 
18,14,-0.246508 
18,15,-0.236947 
18,16,-0.065170 
18,17,-0.058989 
18,18,-0.106071 
18,19,-0.164390 
18,20,-0.141135 
18,21,0.026521 
18,22,0.207985 
18,23,0.225749 
18,24,0.260825 
18,25,0.286193 
18,26,0.286626 
18,27,0.381271 
18,28,0.360598 
18,29,0.269457 
18,30,0.193697 
18,31,0.281406 
18,32,0.309476 
18,33,0.315973 
18,34,0.298445 
18,35,0.265710 
18,36,0.329477 
18,37,0.258588 
18,38,0.208583 
18,39,0.327802 
18,40,0.331284 
18,41,0.252215 
18,42,0.156202 
18,43,0.120193 
18,44,0.167979 
18,45,0.039975 
18,46,-0.031419 
18,47,-0.074572 
18,48,-0.202664 
18,49,-0.243566 
18,50,-0.310181 
18,51,-0.576268 
18,52,-0.685417 
18,53,-0.539970 
18,54,-0.237495 
18,55,-0.027746 
18,56,-0.052250 
18,57,-0.050938 
18,58,-0.076759 
18,59,-0.140393 
18,60,-0.183472 
18,61,-0.169418 
18,62,-0.185552 
18,63,-0.361781 
19,0,-0.435715 
19,1,-0.560579 
19,2,-0.540174 
19,3,-0.486022 
19,4,-0.343002 
19,5,-0.230693 
19,6,-0.265870 
19,7,-0.275159 
19,8,-0.314022 
19,9,-0.322019 
19,10,-0.307906 
19,11,-0.196795 
19,12,-0.221137 
19,13,-0.390752 
19,14,-0.384981 
19,15,-0.260280 
19,16,-0.128372 
19,17,-0.049813 
19,18,0.020090 
19,19,-0.069287 
19,20,-0.074889 
19,21,0.057187 
19,22,0.202632 
19,23,0.226602 
19,24,0.264212 
19,25,0.423187 
19,26,0.453483 
19,27,0.476308 
19,28,0.441367 
19,29,0.399251 
19,30,0.407981 
19,31,0.429349 
19,32,0.452375 
19,33,0.472147 
19,34,0.467500 
19,35,0.445424 
19,36,0.431109 
19,37,0.385809 
19,38,0.323113 
19,39,0.321435 
19,40,0.276977 
19,41,0.172016 
19,42,0.080269 
19,43,0.031080 
19,44,0.063497 
19,45,-0.061218 
19,46,-0.136238 
19,47,-0.112107 
19,48,-0.157584 
19,49,-0.156071 
19,50,-0.237770 
19,51,-0.547942 
19,52,-0.726552 
19,53,-0.617239 
19,54,-0.405203 
19,55,-0.244578 
19,56,-0.284960 
19,57,-0.367746 
19,58,-0.361798 
19,59,-0.287699 
19,60,-0.271154 
19,61,-0.350176 
19,62,-0.418314 
19,63,-0.404049 
20,0,-0.463403 
20,1,-0.530907 
20,2,-0.376331 
20,3,-0.378931 
20,4,-0.392481 
20,5,-0.415252 
20,6,-0.515706 
20,7,-0.570638 
20,8,-0.626962 
20,9,-0.617739 
20,10,-0.653423 
20,11,-0.515378 
20,12,-0.380149 
20,13,-0.458866 
20,14,-0.491969 
20,15,-0.359668 
20,16,-0.226671 
20,17,-0.048323 
20,18,0.106361 
20,19,-0.037389 
20,20,-0.000239 
20,21,0.161185 
20,22,0.315516 
20,23,0.395161 
20,24,0.336022 
20,25,0.542023 
20,26,0.668862 
20,27,0.680305 
20,28,0.655383 
20,29,0.686673 
20,30,0.788344 
20,31,0.753505 
20,32,0.703953 
20,33,0.659764 
20,34,0.582411 
20,35,0.493418 
20,36,0.381852 
20,37,0.319029 
20,38,0.321284 
20,39,0.301273 
20,40,0.218739 
20,41,0.093983 
20,42,0.033696 
20,43,-0.028990 
20,44,-0.029109 
20,45,-0.146147 
20,46,-0.273382 
20,47,-0.240682 
20,48,-0.214280 
20,49,-0.140243 
20,50,-0.161097 
20,51,-0.462911 
20,52,-0.735893 
20,53,-0.707303 
20,54,-0.595493 
20,55,-0.478945 
20,56,-0.437328 
20,57,-0.507714 
20,58,-0.644032 
20,59,-0.592022 
20,60,-0.457223 
20,61,-0.580839 
20,62,-0.667761 
20,63,-0.321071 
21,0,-0.402584 
21,1,-0.436080 
21,2,-0.276028 
21,3,-0.286773 
21,4,-0.380262 
21,5,-0.505816 
21,6,-0.694645 
21,7,-0.814029 
21,8,-0.909915 
21,9,-0.973926 
21,10,-0.936332 
21,11,-0.788143 
21,12,-0.574062 
21,13,-0.478343 
21,14,-0.511293 
21,15,-0.457402 
21,16,-0.289847 
21,17,-0.046656 
21,18,0.099211 
21,19,0.078490 
21,20,0.156497 
21,21,0.212626 
21,22,0.341043 
21,23,0.410734 
21,24,0.421121 
21,25,0.673035 
21,26,0.828247 
21,27,0.879059 
21,28,0.871938 
21,29,0.922587 
21,30,1.062639 
21,31,1.045679 
21,32,0.924287 
21,33,0.779589 
21,34,0.609285 
21,35,0.477935 
21,36,0.390254 
21,37,0.294983 
21,38,0.243570 
21,39,0.212746 
21,40,0.044857 
21,41,-0.120428 
21,42,-0.116393 
21,43,-0.147664 
21,44,-0.250264 
21,45,-0.409576 
21,46,-0.491266 
21,47,-0.448132 
21,48,-0.307561 
21,49,-0.136308 
21,50,-0.170617 
21,51,-0.404048 
21,52,-0.582929 
21,53,-0.606277 
21,54,-0.666904 
21,55,-0.702856 
21,56,-0.700416 
21,57,-0.714226 
21,58,-0.855615 
21,59,-0.873147 
21,60,-0.745454 
21,61,-0.786056 
21,62,-0.728516 
21,63,-0.371144 
22,0,-0.325860 
22,1,-0.210875 
22,2,-0.121695 
22,3,-0.229299 
22,4,-0.408029 
22,5,-0.585208 
22,6,-0.807946 
22,7,-0.973572 
22,8,-0.990490 
22,9,-1.010942 
22,10,-0.961443 
22,11,-0.870337 
22,12,-0.773834 
22,13,-0.701113 
22,14,-0.550840 
22,15,-0.384574 
22,16,-0.304365 
22,17,-0.109229 
22,18,-0.016831 
22,19,0.059915 
22,20,0.261002 
22,21,0.270468 
22,22,0.322706 
22,23,0.333045 
22,24,0.379581 
22,25,0.632943 
22,26,0.825630 
22,27,0.936531 
22,28,0.968574 
22,29,1.052157 
22,30,1.180614 
22,31,1.134462 
22,32,1.028909 
22,33,0.882113 
22,34,0.659684 
22,35,0.515684 
22,36,0.441615 
22,37,0.338793 
22,38,0.308104 
22,39,0.290511 
22,40,0.075897 
22,41,-0.069192 
22,42,-0.147121 
22,43,-0.297613 
22,44,-0.412320 
22,45,-0.514692 
22,46,-0.557218 
22,47,-0.514672 
22,48,-0.329908 
22,49,-0.155967 
22,50,-0.172754 
22,51,-0.272652 
22,52,-0.485690 
22,53,-0.681382 
22,54,-0.777046 
22,55,-0.861268 
22,56,-0.978981 
22,57,-0.994800 
22,58,-1.018414 
22,59,-0.993114 
22,60,-0.862160 
22,61,-0.801752 
22,62,-0.661126 
22,63,-0.379637 
23,0,-0.151006 
23,1,-0.000430 
23,2,-0.060721 
23,3,-0.228810 
23,4,-0.392033 
23,5,-0.646209 
23,6,-0.876938 
23,7,-1.008908 
23,8,-1.078984 
23,9,-1.079698 
23,10,-0.986112 
23,11,-0.922486 
23,12,-0.931333 
23,13,-0.949009 
23,14,-0.785056 
23,15,-0.503906 
23,16,-0.424917 
23,17,-0.281046 
23,18,-0.112105 
23,19,-0.042451 
23,20,0.214113 
23,21,0.349422 
23,22,0.384652 
23,23,0.366599 
23,24,0.387126 
23,25,0.561741 
23,26,0.677682 
23,27,0.791958 
23,28,0.891721 
23,29,1.042693 
23,30,1.178004 
23,31,1.154846 
23,32,1.047563 
23,33,0.854936 
23,34,0.612849 
23,35,0.451962 
23,36,0.424351 
23,37,0.409312 
23,38,0.461750 
23,39,0.465229 
23,40,0.264802 
23,41,0.054046 
23,42,-0.093063 
23,43,-0.222056 
23,44,-0.338983 
23,45,-0.492197 
23,46,-0.640965 
23,47,-0.599509 
23,48,-0.418951 
23,49,-0.278151 
23,50,-0.201800 
23,51,-0.205680 
23,52,-0.449237 
23,53,-0.673091 
23,54,-0.724788 
23,55,-0.841571 
23,56,-1.011031 
23,57,-1.023181 
23,58,-0.983877 
23,59,-0.892988 
23,60,-0.787932 
23,61,-0.765477 
23,62,-0.678633 
23,63,-0.387988 
24,0,-0.115475 
24,1,-0.040946 
24,2,-0.181051 
24,3,-0.318523 
24,4,-0.414114 
24,5,-0.707179 
24,6,-0.922293 
24,7,-0.992614 
24,8,-1.143177 
24,9,-1.176840 
24,10,-1.152500 
24,11,-1.209700 
24,12,-1.164241 
24,13,-1.132164 
24,14,-1.084934 
24,15,-0.806066 
24,16,-0.684434 
24,17,-0.546549 
24,18,-0.249762 
24,19,-0.155103 
24,20,0.063754 
24,21,0.276500 
24,22,0.361356 
24,23,0.352582 
24,24,0.415148 
24,25,0.564520 
24,26,0.630159 
24,27,0.787132 
24,28,0.826778 
24,29,0.917917 
24,30,0.993442 
24,31,0.934378 
24,32,0.905601 
24,33,0.769505 
24,34,0.588994 
24,35,0.478493 
24,36,0.450328 
24,37,0.447295 
24,38,0.497696 
24,39,0.470567 
24,40,0.326076 
24,41,0.090826 
24,42,-0.044388 
24,43,-0.079751 
24,44,-0.208972 
24,45,-0.446953 
24,46,-0.608545 
24,47,-0.472538 
24,48,-0.305914 
24,49,-0.210825 
24,50,-0.272564 
24,51,-0.401496 
24,52,-0.505109 
24,53,-0.545052 
24,54,-0.541240 
24,55,-0.694139 
24,56,-0.893503 
24,57,-0.907747 
24,58,-0.905497 
24,59,-0.845345 
24,60,-0.714158 
24,61,-0.709754 
24,62,-0.702303 
24,63,-0.331304 
25,0,-0.143009 
25,1,-0.094538 
25,2,-0.167031 
25,3,-0.293407 
25,4,-0.525350 
25,5,-0.760569 
25,6,-0.901911 
25,7,-1.039095 
25,8,-1.144172 
25,9,-1.157297 
25,10,-1.287067 
25,11,-1.418348 
25,12,-1.381075 
25,13,-1.341494 
25,14,-1.241953 
25,15,-1.018243 
25,16,-0.855297 
25,17,-0.706526 
25,18,-0.473267 
25,19,-0.355723 
25,20,-0.140639 
25,21,0.109536 
25,22,0.246549 
25,23,0.318674 
25,24,0.410189 
25,25,0.511806 
25,26,0.582522 
25,27,0.744868 
25,28,0.816156 
25,29,0.845114 
25,30,0.827880 
25,31,0.733972 
25,32,0.732198 
25,33,0.701795 
25,34,0.682135 
25,35,0.624620 
25,36,0.472505 
25,37,0.460547 
25,38,0.507324 
25,39,0.443414 
25,40,0.336213 
25,41,0.245701 
25,42,0.170259 
25,43,0.030865 
25,44,-0.141620 
25,45,-0.333116 
25,46,-0.481997 
25,47,-0.461857 
25,48,-0.367444 
25,49,-0.268984 
25,50,-0.401836 
25,51,-0.598111 
25,52,-0.628892 
25,53,-0.535872 
25,54,-0.419134 
25,55,-0.464286 
25,56,-0.582146 
25,57,-0.671403 
25,58,-0.716297 
25,59,-0.683983 
25,60,-0.583628 
25,61,-0.552848 
25,62,-0.604071 
25,63,-0.168900 
26,0,-0.113274 
26,1,-0.126771 
26,2,-0.204645 
26,3,-0.356853 
26,4,-0.628260 
26,5,-0.740504 
26,6,-0.824347 
26,7,-1.015733 
26,8,-1.167886 
26,9,-1.256643 
26,10,-1.364263 
26,11,-1.388985 
26,12,-1.314675 
26,13,-1.242595 
26,14,-1.142979 
26,15,-1.038628 
26,16,-0.899407 
26,17,-0.803397 
26,18,-0.581523 
26,19,-0.392969 
26,20,-0.163976 
26,21,0.128910 
26,22,0.274464 
26,23,0.416625 
26,24,0.543472 
26,25,0.604001 
26,26,0.576816 
26,27,0.620814 
26,28,0.717718 
26,29,0.690351 
26,30,0.676664 
26,31,0.636375 
26,32,0.548864 
26,33,0.504275 
26,34,0.601629 
26,35,0.599690 
26,36,0.471416 
26,37,0.568338 
26,38,0.621934 
26,39,0.553051 
26,40,0.433661 
26,41,0.396120 
26,42,0.397308 
26,43,0.191945 
26,44,-0.051123 
26,45,-0.202349 
26,46,-0.340120 
26,47,-0.487889 
26,48,-0.494996 
26,49,-0.379653 
26,50,-0.395327 
26,51,-0.491349 
26,52,-0.539436 
26,53,-0.420569 
26,54,-0.271077 
26,55,-0.257313 
26,56,-0.254838 
26,57,-0.377627 
26,58,-0.454539 
26,59,-0.463413 
26,60,-0.516129 
26,61,-0.539958 
26,62,-0.501176 
26,63,-0.100752 
27,0,-0.133938 
27,1,-0.210906 
27,2,-0.336497 
27,3,-0.434736 
27,4,-0.608518 
27,5,-0.692011 
27,6,-0.908477 
27,7,-1.112070 
27,8,-1.188744 
27,9,-1.313650 
27,10,-1.368244 
27,11,-1.314769 
27,12,-1.130234 
27,13,-0.931793 
27,14,-0.934034 
27,15,-0.969798 
27,16,-0.897318 
27,17,-0.821527 
27,18,-0.537990 
27,19,-0.300491 
27,20,-0.083330 
27,21,0.182056 
27,22,0.339730 
27,23,0.442398 
27,24,0.535340 
27,25,0.675305 
27,26,0.682338 
27,27,0.618894 
27,28,0.548692 
27,29,0.508918 
27,30,0.628041 
27,31,0.583113 
27,32,0.322314 
27,33,0.264178 
27,34,0.477551 
27,35,0.590987 
27,36,0.508793 
27,37,0.568469 
27,38,0.661896 
27,39,0.645853 
27,40,0.520624 
27,41,0.377614 
27,42,0.290522 
27,43,0.180734 
27,44,-0.011656 
27,45,-0.158294 
27,46,-0.269371 
27,47,-0.395043 
27,48,-0.365331 
27,49,-0.308154 
27,50,-0.298215 
27,51,-0.376017 
27,52,-0.416964 
27,53,-0.299389 
27,54,-0.185022 
27,55,-0.113708 
27,56,-0.113980 
27,57,-0.203144 
27,58,-0.312027 
27,59,-0.404678 
27,60,-0.474659 
27,61,-0.445399 
27,62,-0.283457 
27,63,-0.050691 
28,0,-0.155516 
28,1,-0.278964 
28,2,-0.370517 
28,3,-0.368487 
28,4,-0.586892 
28,5,-0.758851 
28,6,-0.954907 
28,7,-1.041315 
28,8,-0.997317 
28,9,-1.081465 
28,10,-1.115039 
28,11,-1.043993 
28,12,-0.950331 
28,13,-0.818465 
28,14,-0.772570 
28,15,-0.789506 
28,16,-0.716874 
28,17,-0.594513 
28,18,-0.367411 
28,19,-0.201485 
28,20,-0.059748 
28,21,0.102110 
28,22,0.259389 
28,23,0.304493 
28,24,0.337584 
28,25,0.548194 
28,26,0.602260 
28,27,0.449468 
28,28,0.383488 
28,29,0.505186 
28,30,0.634571 
28,31,0.464590 
28,32,0.147571 
28,33,0.179529 
28,34,0.391780 
28,35,0.480495 
28,36,0.480448 
28,37,0.574155 
28,38,0.651180 
28,39,0.592550 
28,40,0.536025 
28,41,0.382855 
28,42,0.073298 
28,43,-0.058057 
28,44,-0.094099 
28,45,-0.117698 
28,46,-0.220595 
28,47,-0.335085 
28,48,-0.278593 
28,49,-0.328215 
28,50,-0.285062 
28,51,-0.324026 
28,52,-0.440774 
28,53,-0.429439 
28,54,-0.399540 
28,55,-0.303581 
28,56,-0.207531 
28,57,-0.149180 
28,58,-0.166397 
28,59,-0.209268 
28,60,-0.325848 
28,61,-0.298537 
28,62,-0.114507 
28,63,-0.126926 
29,0,-0.253681 
29,1,-0.335630 
29,2,-0.379870 
29,3,-0.408759 
29,4,-0.628809 
29,5,-0.808403 
29,6,-0.932923 
29,7,-0.947069 
29,8,-0.874882 
29,9,-0.866402 
29,10,-0.876570 
29,11,-0.809863 
29,12,-0.748814 
29,13,-0.736565 
29,14,-0.695191 
29,15,-0.669141 
29,16,-0.547038 
29,17,-0.399992 
29,18,-0.261664 
29,19,-0.141689 
29,20,0.019464 
29,21,0.121266 
29,22,0.140546 
29,23,0.195309 
29,24,0.287304 
29,25,0.378243 
29,26,0.390620 
29,27,0.285326 
29,28,0.304978 
29,29,0.440366 
29,30,0.480854 
29,31,0.326710 
29,32,0.123643 
29,33,0.191378 
29,34,0.346071 
29,35,0.445599 
29,36,0.525842 
29,37,0.652060 
29,38,0.652049 
29,39,0.521794 
29,40,0.450856 
29,41,0.370385 
29,42,0.083685 
29,43,-0.169753 
29,44,-0.134070 
29,45,0.024951 
29,46,-0.080350 
29,47,-0.209275 
29,48,-0.199279 
29,49,-0.251082 
29,50,-0.166745 
29,51,-0.211996 
29,52,-0.425738 
29,53,-0.486384 
29,54,-0.481208 
29,55,-0.494647 
29,56,-0.370142 
29,57,-0.187743 
29,58,-0.065512 
29,59,-0.037076 
29,60,-0.180393 
29,61,-0.227387 
29,62,-0.117314 
29,63,-0.153280 
30,0,-0.259030 
30,1,-0.276489 
30,2,-0.295746 
30,3,-0.377647 
30,4,-0.535420 
30,5,-0.640832 
30,6,-0.809022 
30,7,-0.903210 
30,8,-0.898752 
30,9,-0.876824 
30,10,-0.760211 
30,11,-0.590331 
30,12,-0.440612 
30,13,-0.416386 
30,14,-0.488185 
30,15,-0.537147 
30,16,-0.443548 
30,17,-0.353141 
30,18,-0.161719 
30,19,0.057341 
30,20,0.203634 
30,21,0.222045 
30,22,0.172375 
30,23,0.300235 
30,24,0.403787 
30,25,0.318921 
30,26,0.272691 
30,27,0.233540 
30,28,0.304636 
30,29,0.377976 
30,30,0.352551 
30,31,0.252100 
30,32,0.088247 
30,33,0.119211 
30,34,0.276219 
30,35,0.416568 
30,36,0.493071 
30,37,0.589513 
30,38,0.634654 
30,39,0.533985 
30,40,0.291130 
30,41,0.174526 
30,42,0.108958 
30,43,-0.092477 
30,44,-0.155863 
30,45,-0.004574 
30,46,-0.031392 
30,47,-0.065096 
30,48,-0.126046 
30,49,-0.217594 
30,50,-0.174382 
30,51,-0.291770 
30,52,-0.479950 
30,53,-0.491757 
30,54,-0.433438 
30,55,-0.484699 
30,56,-0.412240 
30,57,-0.204629 
30,58,-0.069307 
30,59,-0.063864 
30,60,-0.069368 
30,61,-0.043458 
30,62,-0.055311 
30,63,-0.062954 
31,0,-0.144742 
31,1,-0.190481 
31,2,-0.229962 
31,3,-0.304004 
31,4,-0.375381 
31,5,-0.388996 
31,6,-0.539193 
31,7,-0.710278 
31,8,-0.791937 
31,9,-0.706231 
31,10,-0.521947 
31,11,-0.274361 
31,12,-0.149184 
31,13,-0.118192 
31,14,-0.164995 
31,15,-0.272824 
31,16,-0.214125 
31,17,-0.140847 
31,18,0.028747 
31,19,0.238630 
31,20,0.328292 
31,21,0.352123 
31,22,0.350807 
31,23,0.407257 
31,24,0.365197 
31,25,0.213092 
31,26,0.171329 
31,27,0.208747 
31,28,0.325939 
31,29,0.353987 
31,30,0.291442 
31,31,0.105565 
31,32,-0.024506 
31,33,0.076047 
31,34,0.209572 
31,35,0.307509 
31,36,0.414877 
31,37,0.542750 
31,38,0.629267 
31,39,0.530246 
31,40,0.188122 
31,41,-0.038048 
31,42,-0.017418 
31,43,-0.029185 
31,44,-0.147114 
31,45,-0.071007 
31,46,-0.014984 
31,47,-0.029636 
31,48,-0.098600 
31,49,-0.217161 
31,50,-0.281228 
31,51,-0.417603 
31,52,-0.557128 
31,53,-0.534495 
31,54,-0.481103 
31,55,-0.424774 
31,56,-0.274092 
31,57,-0.113109 
31,58,-0.012109 
31,59,-0.042048 
31,60,0.044334 
31,61,0.133143 
31,62,0.050821 
31,63,0.000000 
32,0,-0.036489 
32,1,-0.081668 
32,2,-0.173425 
32,3,-0.259974 
32,4,-0.289684 
32,5,-0.268558 
32,6,-0.297632 
32,7,-0.417959 
32,8,-0.588236 
32,9,-0.478625 
32,10,-0.340574 
32,11,-0.118913 
32,12,0.019911 
32,13,0.108913 
32,14,0.127333 
32,15,0.000000 
32,16,0.009178 
32,17,0.031786 
32,18,0.133139 
32,19,0.303382 
32,20,0.366531 
32,21,0.422976 
32,22,0.478086 
32,23,0.468322 
32,24,0.365038 
32,25,0.234684 
32,26,0.126863 
32,27,0.140464 
32,28,0.296497 
32,29,0.300163 
32,30,0.238475 
32,31,0.000000 
32,32,-0.115353 
32,33,0.029235 
32,34,0.177427 
32,35,0.295065 
32,36,0.378632 
32,37,0.468537 
32,38,0.502906 
32,39,0.345451 
32,40,0.106639 
32,41,-0.075937 
32,42,-0.144819 
32,43,-0.128996 
32,44,-0.156078 
32,45,-0.002486 
32,46,0.071619 
32,47,0.000000 
32,48,-0.093665 
32,49,-0.238736 
32,50,-0.290599 
32,51,-0.354736 
32,52,-0.493494 
32,53,-0.456776 
32,54,-0.464482 
32,55,-0.376754 
32,56,-0.209573 
32,57,-0.157075 
32,58,-0.002290 
32,59,0.008421 
32,60,0.046264 
32,61,0.074212 
32,62,0.041075 
32,63,0.025714 
33,0,0.088760 
33,1,0.054748 
33,2,-0.106674 
33,3,-0.166284 
33,4,-0.178893 
33,5,-0.183839 
33,6,-0.109612 
33,7,-0.109863 
33,8,-0.295005 
33,9,-0.266721 
33,10,-0.136740 
33,11,0.069435 
33,12,0.238021 
33,13,0.257802 
33,14,0.292557 
33,15,0.271969 
33,16,0.250791 
33,17,0.234478 
33,18,0.290623 
33,19,0.489559 
33,20,0.519640 
33,21,0.457029 
33,22,0.474205 
33,23,0.478592 
33,24,0.402491 
33,25,0.301062 
33,26,0.149762 
33,27,0.012732 
33,28,0.143948 
33,29,0.248756 
33,30,0.194337 
33,31,0.030423 
33,32,-0.053790 
33,33,-0.056584 
33,34,0.080590 
33,35,0.189948 
33,36,0.217334 
33,37,0.346889 
33,38,0.333977 
33,39,0.224915 
33,40,0.138925 
33,41,-0.030131 
33,42,-0.247770 
33,43,-0.278504 
33,44,-0.153189 
33,45,0.034621 
33,46,0.158718 
33,47,0.143288 
33,48,-0.063729 
33,49,-0.258944 
33,50,-0.217992 
33,51,-0.209922 
33,52,-0.328224 
33,53,-0.367840 
33,54,-0.433848 
33,55,-0.333311 
33,56,-0.166622 
33,57,-0.169646 
33,58,-0.016558 
33,59,0.073315 
33,60,0.005372 
33,61,-0.129948 
33,62,-0.141938 
33,63,0.090544 
34,0,0.152701 
34,1,0.048252 
34,2,-0.046446 
34,3,0.044841 
34,4,0.080597 
34,5,0.071866 
34,6,0.047512 
34,7,-0.018498 
34,8,-0.112350 
34,9,-0.065245 
34,10,0.025637 
34,11,0.182188 
34,12,0.360630 
34,13,0.289444 
34,14,0.254421 
34,15,0.284549 
34,16,0.331259 
34,17,0.371069 
34,18,0.380789 
34,19,0.594959 
34,20,0.716002 
34,21,0.649914 
34,22,0.556508 
34,23,0.504567 
34,24,0.353246 
34,25,0.182590 
34,26,0.165714 
34,27,0.050060 
34,28,0.069009 
34,29,0.192991 
34,30,0.108885 
34,31,-0.006857 
34,32,0.038702 
34,33,-0.030665 
34,34,0.019329 
34,35,0.043749 
34,36,-0.003892 
34,37,0.146161 
34,38,0.179866 
34,39,0.244600 
34,40,0.187070 
34,41,-0.104471 
34,42,-0.326098 
34,43,-0.270198 
34,44,-0.062862 
34,45,0.074796 
34,46,0.187166 
34,47,0.167242 
34,48,-0.016896 
34,49,-0.121067 
34,50,-0.162249 
34,51,-0.248601 
34,52,-0.332293 
34,53,-0.448968 
34,54,-0.544571 
34,55,-0.387972 
34,56,-0.098552 
34,57,-0.032777 
34,58,0.008723 
34,59,0.042706 
34,60,-0.015533 
34,61,-0.172279 
34,62,-0.288888 
34,63,0.151266 
35,0,0.055942 
35,1,-0.021378 
35,2,0.046369 
35,3,0.113352 
35,4,0.116542 
35,5,0.152306 
35,6,0.074756 
35,7,0.009813 
35,8,-0.045712 
35,9,-0.111004 
35,10,-0.010139 
35,11,0.171687 
35,12,0.198117 
35,13,0.119761 
35,14,0.140982 
35,15,0.149335 
35,16,0.238221 
35,17,0.307884 
35,18,0.388049 
35,19,0.579702 
35,20,0.748578 
35,21,0.773207 
35,22,0.619509 
35,23,0.513770 
35,24,0.304880 
35,25,0.138721 
35,26,0.089391 
35,27,-0.009904 
35,28,0.071612 
35,29,0.178680 
35,30,0.049637 
35,31,-0.079375 
35,32,-0.022819 
35,33,-0.060287 
35,34,-0.046371 
35,35,-0.005766 
35,36,-0.097614 
35,37,-0.088395 
35,38,0.005310 
35,39,0.137585 
35,40,0.139700 
35,41,-0.044049 
35,42,-0.167764 
35,43,-0.131585 
35,44,0.020942 
35,45,0.235211 
35,46,0.347053 
35,47,0.284211 
35,48,0.077794 
35,49,-0.076788 
35,50,-0.167894 
35,51,-0.311646 
35,52,-0.449853 
35,53,-0.557569 
35,54,-0.535925 
35,55,-0.363325 
35,56,-0.100029 
35,57,0.053695 
35,58,-0.005009 
35,59,-0.100766 
35,60,-0.104731 
35,61,-0.202939 
35,62,-0.341519 
35,63,0.107613 
36,0,-0.018694 
36,1,0.024189 
36,2,0.134296 
36,3,0.074265 
36,4,0.027315 
36,5,0.100803 
36,6,0.045935 
36,7,0.042502 
36,8,0.046139 
36,9,-0.115897 
36,10,-0.153643 
36,11,-0.075419 
36,12,-0.095108 
36,13,-0.067228 
36,14,0.071846 
36,15,0.094413 
36,16,0.227651 
36,17,0.328595 
36,18,0.419286 
36,19,0.528560 
36,20,0.629944 
36,21,0.663195 
36,22,0.578463 
36,23,0.537304 
36,24,0.304082 
36,25,0.160984 
36,26,0.068379 
36,27,-0.020632 
36,28,0.019885 
36,29,-0.009586 
36,30,-0.116031 
36,31,-0.179467 
36,32,-0.067451 
36,33,0.007706 
36,34,0.038581 
36,35,0.121653 
36,36,0.056186 
36,37,-0.028416 
36,38,0.021734 
36,39,0.111840 
36,40,0.183904 
36,41,0.165507 
36,42,0.169882 
36,43,0.186495 
36,44,0.230067 
36,45,0.445105 
36,46,0.470363 
36,47,0.310574 
36,48,0.101593 
36,49,-0.087425 
36,50,-0.131382 
36,51,-0.232300 
36,52,-0.368892 
36,53,-0.388360 
36,54,-0.326151 
36,55,-0.248427 
36,56,-0.080177 
36,57,0.076398 
36,58,0.007784 
36,59,-0.082819 
36,60,-0.163009 
36,61,-0.330747 
36,62,-0.291733 
36,63,0.031654 
37,0,-0.049301 
37,1,-0.052350 
37,2,0.084243 
37,3,0.126719 
37,4,0.091628 
37,5,0.043121 
37,6,0.001272 
37,7,-0.011717 
37,8,-0.094853 
37,9,-0.223104 
37,10,-0.307467 
37,11,-0.310389 
37,12,-0.212579 
37,13,-0.080968 
37,14,-0.005093 
37,15,0.094671 
37,16,0.281830 
37,17,0.312368 
37,18,0.353522 
37,19,0.441779 
37,20,0.431957 
37,21,0.440769 
37,22,0.482509 
37,23,0.526379 
37,24,0.313143 
37,25,0.110413 
37,26,0.022618 
37,27,-0.074418 
37,28,-0.112074 
37,29,-0.174827 
37,30,-0.305236 
37,31,-0.339223 
37,32,-0.092907 
37,33,0.086159 
37,34,0.154738 
37,35,0.231883 
37,36,0.198326 
37,37,0.079049 
37,38,0.063678 
37,39,0.134627 
37,40,0.144020 
37,41,0.234638 
37,42,0.404107 
37,43,0.526266 
37,44,0.514109 
37,45,0.492153 
37,46,0.439246 
37,47,0.259979 
37,48,0.087862 
37,49,-0.041706 
37,50,-0.136985 
37,51,-0.191209 
37,52,-0.276131 
37,53,-0.256242 
37,54,-0.239861 
37,55,-0.217919 
37,56,-0.018342 
37,57,0.067144 
37,58,0.056569 
37,59,-0.026210 
37,60,-0.203833 
37,61,-0.362174 
37,62,-0.279793 
37,63,-0.103417 
38,0,-0.132749 
38,1,-0.161640 
38,2,-0.079370 
38,3,-0.018419 
38,4,0.051380 
38,5,-0.055058 
38,6,-0.117462 
38,7,-0.138800 
38,8,-0.287282 
38,9,-0.360936 
38,10,-0.440534 
38,11,-0.479672 
38,12,-0.342824 
38,13,-0.198245 
38,14,-0.129614 
38,15,0.077602 
38,16,0.285149 
38,17,0.245004 
38,18,0.249592 
38,19,0.304511 
38,20,0.257464 
38,21,0.307670 
38,22,0.347159 
38,23,0.385882 
38,24,0.274467 
38,25,0.090447 
38,26,-0.049440 
38,27,-0.221372 
38,28,-0.273449 
38,29,-0.281797 
38,30,-0.363234 
38,31,-0.311116 
38,32,-0.097950 
38,33,-0.016880 
38,34,0.119412 
38,35,0.278022 
38,36,0.318780 
38,37,0.202193 
38,38,0.088519 
38,39,0.059653 
38,40,0.073864 
38,41,0.337193 
38,42,0.544200 
38,43,0.661269 
38,44,0.687289 
38,45,0.549540 
38,46,0.422287 
38,47,0.235017 
38,48,0.067698 
38,49,-0.056599 
38,50,-0.218802 
38,51,-0.246839 
38,52,-0.310439 
38,53,-0.302153 
38,54,-0.210719 
38,55,-0.103483 
38,56,0.110769 
38,57,0.142940 
38,58,0.167067 
38,59,0.053481 
38,60,-0.080442 
38,61,-0.123059 
38,62,-0.136059 
38,63,-0.295290 
39,0,-0.302108 
39,1,-0.198040 
39,2,-0.122392 
39,3,-0.108795 
39,4,-0.049424 
39,5,-0.130055 
39,6,-0.256146 
39,7,-0.324726 
39,8,-0.333844 
39,9,-0.351703 
39,10,-0.531216 
39,11,-0.571412 
39,12,-0.401867 
39,13,-0.215097 
39,14,-0.056902 
39,15,0.141239 
39,16,0.278209 
39,17,0.224575 
39,18,0.191117 
39,19,0.212928 
39,20,0.172646 
39,21,0.197704 
39,22,0.151670 
39,23,0.195520 
39,24,0.236235 
39,25,0.085709 
39,26,-0.128275 
39,27,-0.294337 
39,28,-0.377431 
39,29,-0.391739 
39,30,-0.355853 
39,31,-0.273703 
39,32,-0.166806 
39,33,-0.142580 
39,34,0.084405 
39,35,0.383814 
39,36,0.531584 
39,37,0.504013 
39,38,0.320748 
39,39,0.156565 
39,40,0.239229 
39,41,0.443180 
39,42,0.519999 
39,43,0.647413 
39,44,0.719055 
39,45,0.560740 
39,46,0.322592 
39,47,0.185137 
39,48,0.098407 
39,49,-0.066618 
39,50,-0.205010 
39,51,-0.187111 
39,52,-0.256642 
39,53,-0.336727 
39,54,-0.250863 
39,55,-0.127981 
39,56,0.095888 
39,57,0.191837 
39,58,0.214014 
39,59,0.178298 
39,60,0.135531 
39,61,0.145953 
39,62,0.090913 
39,63,-0.333903 
40,0,-0.482747 
40,1,-0.429229 
40,2,-0.288860 
40,3,-0.238954 
40,4,-0.226901 
40,5,-0.285646 
40,6,-0.334712 
40,7,-0.351580 
40,8,-0.376891 
40,9,-0.469943 
40,10,-0.625384 
40,11,-0.553254 
40,12,-0.342909 
40,13,-0.121456 
40,14,-0.017859 
40,15,0.062048 
40,16,0.228672 
40,17,0.253077 
40,18,0.243349 
40,19,0.305654 
40,20,0.114734 
40,21,-0.060895 
40,22,-0.125204 
40,23,-0.024364 
40,24,0.056927 
40,25,-0.148428 
40,26,-0.359470 
40,27,-0.436714 
40,28,-0.475766 
40,29,-0.445638 
40,30,-0.345415 
40,31,-0.288001 
40,32,-0.148339 
40,33,-0.012183 
40,34,0.147621 
40,35,0.389012 
40,36,0.624083 
40,37,0.700116 
40,38,0.636148 
40,39,0.530519 
40,40,0.558669 
40,41,0.531763 
40,42,0.482103 
40,43,0.658464 
40,44,0.715965 
40,45,0.503677 
40,46,0.348945 
40,47,0.411197 
40,48,0.385997 
40,49,0.165483 
40,50,-0.104140 
40,51,-0.186412 
40,52,-0.194212 
40,53,-0.285526 
40,54,-0.245104 
40,55,-0.148652 
40,56,0.002993 
40,57,0.052413 
40,58,0.056104 
40,59,0.098525 
40,60,0.075933 
40,61,0.107027 
40,62,0.169566 
40,63,-0.278229 
41,0,-0.383210 
41,1,-0.445765 
41,2,-0.405227 
41,3,-0.358310 
41,4,-0.344207 
41,5,-0.348128 
41,6,-0.259546 
41,7,-0.214464 
41,8,-0.351158 
41,9,-0.461447 
41,10,-0.538265 
41,11,-0.548897 
41,12,-0.323540 
41,13,-0.067811 
41,14,0.008909 
41,15,0.011175 
41,16,0.176799 
41,17,0.352372 
41,18,0.332453 
41,19,0.306344 
41,20,0.036295 
41,21,-0.246962 
41,22,-0.290399 
41,23,-0.131337 
41,24,-0.085535 
41,25,-0.290960 
41,26,-0.392169 
41,27,-0.364667 
41,28,-0.346943 
41,29,-0.384642 
41,30,-0.335498 
41,31,-0.258180 
41,32,-0.059276 
41,33,0.157576 
41,34,0.280235 
41,35,0.437109 
41,36,0.680535 
41,37,0.861437 
41,38,0.905839 
41,39,0.816997 
41,40,0.733500 
41,41,0.638234 
41,42,0.569371 
41,43,0.648698 
41,44,0.623779 
41,45,0.547010 
41,46,0.535917 
41,47,0.526201 
41,48,0.475951 
41,49,0.330277 
41,50,-0.051628 
41,51,-0.289294 
41,52,-0.249913 
41,53,-0.259283 
41,54,-0.298106 
41,55,-0.225238 
41,56,-0.109214 
41,57,-0.152383 
41,58,-0.106719 
41,59,-0.034621 
41,60,-0.007073 
41,61,0.063436 
41,62,0.187646 
41,63,-0.311647 
42,0,-0.320711 
42,1,-0.427012 
42,2,-0.413211 
42,3,-0.324395 
42,4,-0.252454 
42,5,-0.149554 
42,6,-0.104661 
42,7,-0.195354 
42,8,-0.343692 
42,9,-0.344506 
42,10,-0.294940 
42,11,-0.363671 
42,12,-0.261775 
42,13,-0.084865 
42,14,0.081861 
42,15,0.124003 
42,16,0.156597 
42,17,0.334787 
42,18,0.351959 
42,19,0.299757 
42,20,0.073132 
42,21,-0.186073 
42,22,-0.321144 
42,23,-0.232628 
42,24,-0.118893 
42,25,-0.216403 
42,26,-0.303422 
42,27,-0.267206 
42,28,-0.178567 
42,29,-0.264313 
42,30,-0.240589 
42,31,-0.124058 
42,32,0.120417 
42,33,0.389089 
42,34,0.580606 
42,35,0.741825 
42,36,0.847365 
42,37,1.008764 
42,38,1.110373 
42,39,0.993850 
42,40,0.851206 
42,41,0.768656 
42,42,0.691044 
42,43,0.662273 
42,44,0.540140 
42,45,0.559467 
42,46,0.652451 
42,47,0.548211 
42,48,0.372158 
42,49,0.214236 
42,50,-0.050205 
42,51,-0.221006 
42,52,-0.281980 
42,53,-0.372907 
42,54,-0.475167 
42,55,-0.408739 
42,56,-0.247605 
42,57,-0.263044 
42,58,-0.193875 
42,59,-0.146043 
42,60,-0.033920 
42,61,0.090075 
42,62,0.199066 
42,63,-0.390941 
43,0,-0.438944 
43,1,-0.524954 
43,2,-0.435858 
43,3,-0.313719 
43,4,-0.115228 
43,5,0.066384 
43,6,-0.048759 
43,7,-0.220732 
43,8,-0.280326 
43,9,-0.272590 
43,10,-0.254397 
43,11,-0.272127 
43,12,-0.289340 
43,13,-0.186688 
43,14,0.052663 
43,15,0.141696 
43,16,0.136836 
43,17,0.256522 
43,18,0.349275 
43,19,0.299966 
43,20,0.043099 
43,21,-0.135375 
43,22,-0.257463 
43,23,-0.222756 
43,24,-0.122455 
43,25,-0.182489 
43,26,-0.197046 
43,27,-0.143249 
43,28,-0.086442 
43,29,-0.127961 
43,30,-0.057624 
43,31,0.073214 
43,32,0.418027 
43,33,0.768946 
43,34,0.930229 
43,35,0.964125 
43,36,0.922943 
43,37,1.066420 
43,38,1.245145 
43,39,1.170059 
43,40,1.036990 
43,41,0.934307 
43,42,0.870717 
43,43,0.861880 
43,44,0.703049 
43,45,0.665461 
43,46,0.696200 
43,47,0.567115 
43,48,0.380065 
43,49,0.194550 
43,50,-0.099927 
43,51,-0.265061 
43,52,-0.306762 
43,53,-0.403423 
43,54,-0.545029 
43,55,-0.559836 
43,56,-0.436315 
43,57,-0.354255 
43,58,-0.212496 
43,59,-0.175888 
43,60,-0.086282 
43,61,0.046651 
43,62,0.176818 
43,63,-0.502122 
44,0,-0.485772 
44,1,-0.442846 
44,2,-0.334809 
44,3,-0.232381 
44,4,-0.073751 
44,5,0.009687 
44,6,-0.101203 
44,7,-0.157345 
44,8,-0.230168 
44,9,-0.345397 
44,10,-0.376189 
44,11,-0.342671 
44,12,-0.351844 
44,13,-0.215406 
44,14,-0.005021 
44,15,0.023793 
44,16,0.042512 
44,17,0.183657 
44,18,0.228823 
44,19,0.058157 
44,20,-0.196985 
44,21,-0.246400 
44,22,-0.215150 
44,23,-0.113147 
44,24,-0.042335 
44,25,-0.102886 
44,26,-0.107378 
44,27,-0.085245 
44,28,-0.012514 
44,29,0.048704 
44,30,0.155013 
44,31,0.276048 
44,32,0.567618 
44,33,0.849638 
44,34,1.015857 
44,35,0.990867 
44,36,0.907480 
44,37,1.109168 
44,38,1.274203 
44,39,1.150315 
44,40,1.053411 
44,41,0.967352 
44,42,0.927549 
44,43,0.941948 
44,44,0.776874 
44,45,0.708048 
44,46,0.692756 
44,47,0.558768 
44,48,0.370722 
44,49,0.159314 
44,50,-0.162953 
44,51,-0.313516 
44,52,-0.350209 
44,53,-0.445271 
44,54,-0.554888 
44,55,-0.587287 
44,56,-0.541127 
44,57,-0.438512 
44,58,-0.253215 
44,59,-0.233388 
44,60,-0.210703 
44,61,-0.126720 
44,62,-0.039702 
44,63,-0.497037 
45,0,-0.422169 
45,1,-0.291015 
45,2,-0.213747 
45,3,-0.159252 
45,4,-0.101544 
45,5,-0.095142 
45,6,-0.142551 
45,7,-0.167692 
45,8,-0.250037 
45,9,-0.401925 
45,10,-0.421993 
45,11,-0.359312 
45,12,-0.319635 
45,13,-0.159222 
45,14,-0.058533 
45,15,-0.116998 
45,16,-0.079768 
45,17,0.053382 
45,18,0.002380 
45,19,-0.168989 
45,20,-0.321799 
45,21,-0.259608 
45,22,-0.092666 
45,23,0.040597 
45,24,0.086619 
45,25,-0.046542 
45,26,-0.146355 
45,27,-0.138692 
45,28,-0.065839 
45,29,0.010439 
45,30,0.202059 
45,31,0.398570 
45,32,0.597276 
45,33,0.823918 
45,34,0.977146 
45,35,0.985997 
45,36,0.969969 
45,37,1.087916 
45,38,1.137232 
45,39,1.064301 
45,40,1.035604 
45,41,0.940292 
45,42,0.823726 
45,43,0.816568 
45,44,0.738814 
45,45,0.643533 
45,46,0.665725 
45,47,0.629312 
45,48,0.342062 
45,49,0.061924 
45,50,-0.122866 
45,51,-0.247892 
45,52,-0.378973 
45,53,-0.491625 
45,54,-0.506348 
45,55,-0.489154 
45,56,-0.468002 
45,57,-0.432663 
45,58,-0.347507 
45,59,-0.286242 
45,60,-0.324356 
45,61,-0.347999 
45,62,-0.218763 
45,63,-0.237013 
46,0,-0.257245 
46,1,-0.205027 
46,2,-0.168724 
46,3,-0.183648 
46,4,-0.080673 
46,5,0.018667 
46,6,-0.028987 
46,7,-0.093916 
46,8,-0.132414 
46,9,-0.259378 
46,10,-0.308741 
46,11,-0.264585 
46,12,-0.289935 
46,13,-0.208051 
46,14,-0.054339 
46,15,-0.046051 
46,16,-0.111956 
46,17,-0.114949 
46,18,-0.147943 
46,19,-0.179149 
46,20,-0.235554 
46,21,-0.110120 
46,22,0.039486 
46,23,0.055669 
46,24,0.083839 
46,25,-0.083486 
46,26,-0.179448 
46,27,-0.109451 
46,28,-0.042415 
46,29,0.041422 
46,30,0.151458 
46,31,0.267448 
46,32,0.503793 
46,33,0.808248 
46,34,0.963698 
46,35,1.026629 
46,36,1.075973 
46,37,1.094868 
46,38,1.026855 
46,39,1.014555 
46,40,1.001156 
46,41,0.832496 
46,42,0.716111 
46,43,0.765645 
46,44,0.758818 
46,45,0.638486 
46,46,0.579724 
46,47,0.489987 
46,48,0.221196 
46,49,0.029591 
46,50,-0.132710 
46,51,-0.363371 
46,52,-0.497489 
46,53,-0.551599 
46,54,-0.567848 
46,55,-0.566688 
46,56,-0.434705 
46,57,-0.334891 
46,58,-0.345946 
46,59,-0.260756 
46,60,-0.294569 
46,61,-0.347520 
46,62,-0.279671 
46,63,0.035223 
47,0,0.013436 
47,1,0.016430 
47,2,-0.043023 
47,3,-0.169062 
47,4,-0.012507 
47,5,0.185023 
47,6,0.127617 
47,7,-0.001871 
47,8,-0.096501 
47,9,-0.147255 
47,10,-0.130323 
47,11,-0.179719 
47,12,-0.262137 
47,13,-0.171640 
47,14,-0.009633 
47,15,0.012664 
47,16,-0.122578 
47,17,-0.193859 
47,18,-0.191596 
47,19,-0.210699 
47,20,-0.205669 
47,21,-0.091237 
47,22,-0.060504 
47,23,-0.084713 
47,24,-0.068577 
47,25,-0.138780 
47,26,-0.200185 
47,27,-0.154383 
47,28,-0.000603 
47,29,0.066721 
47,30,0.075162 
47,31,0.107088 
47,32,0.292601 
47,33,0.567062 
47,34,0.778549 
47,35,0.934189 
47,36,0.956471 
47,37,0.894809 
47,38,0.846871 
47,39,0.782073 
47,40,0.705497 
47,41,0.645972 
47,42,0.601369 
47,43,0.617185 
47,44,0.549949 
47,45,0.447811 
47,46,0.399429 
47,47,0.272103 
47,48,0.026338 
47,49,-0.191038 
47,50,-0.314262 
47,51,-0.441910 
47,52,-0.619410 
47,53,-0.719789 
47,54,-0.697004 
47,55,-0.586879 
47,56,-0.389725 
47,57,-0.240671 
47,58,-0.203174 
47,59,-0.255667 
47,60,-0.343981 
47,61,-0.369577 
47,62,-0.302081 
47,63,0.000000 
48,0,0.064524 
48,1,0.130939 
48,2,0.136964 
48,3,0.053068 
48,4,0.053284 
48,5,0.111104 
48,6,0.102187 
48,7,-0.013347 
48,8,-0.169728 
48,9,-0.158925 
48,10,-0.045624 
48,11,-0.142506 
48,12,-0.241776 
48,13,-0.117186 
48,14,0.003662 
48,15,0.000000 
48,16,-0.134471 
48,17,-0.197674 
48,18,-0.142932 
48,19,-0.177833 
48,20,-0.172947 
48,21,-0.124105 
48,22,-0.238002 
48,23,-0.291096 
48,24,-0.332320 
48,25,-0.352850 
48,26,-0.297541 
48,27,-0.202770 
48,28,-0.082767 
48,29,-0.154511 
48,30,-0.099776 
48,31,0.000000 
48,32,0.149739 
48,33,0.387828 
48,34,0.471272 
48,35,0.545623 
48,36,0.663787 
48,37,0.670004 
48,38,0.685333 
48,39,0.592391 
48,40,0.410245 
48,41,0.423232 
48,42,0.388354 
48,43,0.307125 
48,44,0.254483 
48,45,0.218891 
48,46,0.152405 
48,47,0.000000 
48,48,-0.202260 
48,49,-0.451938 
48,50,-0.584545 
48,51,-0.641339 
48,52,-0.757294 
48,53,-0.786787 
48,54,-0.763710 
48,55,-0.621365 
48,56,-0.418381 
48,57,-0.273122 
48,58,-0.155311 
48,59,-0.293374 
48,60,-0.414759 
48,61,-0.386180 
48,62,-0.274880 
48,63,0.057065 
49,0,0.099499 
49,1,0.169479 
49,2,0.232121 
49,3,0.229399 
49,4,0.082155 
49,5,0.002966 
49,6,0.027989 
49,7,-0.098165 
49,8,-0.287607 
49,9,-0.286515 
49,10,-0.134961 
49,11,-0.111148 
49,12,-0.223385 
49,13,-0.216728 
49,14,-0.082197 
49,15,0.015017 
49,16,-0.092779 
49,17,-0.258480 
49,18,-0.237941 
49,19,-0.162822 
49,20,-0.128963 
49,21,-0.192154 
49,22,-0.370281 
49,23,-0.479291 
49,24,-0.604724 
49,25,-0.601892 
49,26,-0.465139 
49,27,-0.397830 
49,28,-0.346545 
49,29,-0.336247 
49,30,-0.263775 
49,31,-0.190437 
49,32,-0.042826 
49,33,0.203072 
49,34,0.258331 
49,35,0.205393 
49,36,0.384519 
49,37,0.584293 
49,38,0.667930 
49,39,0.553300 
49,40,0.290733 
49,41,0.241104 
49,42,0.212240 
49,43,0.147723 
49,44,0.074418 
49,45,0.024598 
49,46,-0.116416 
49,47,-0.352380 
49,48,-0.521340 
49,49,-0.685427 
49,50,-0.761232 
49,51,-0.789118 
49,52,-0.850880 
49,53,-0.783212 
49,54,-0.725418 
49,55,-0.607375 
49,56,-0.448442 
49,57,-0.390899 
49,58,-0.340193 
49,59,-0.397435 
49,60,-0.378729 
49,61,-0.291379 
49,62,-0.201675 
49,63,0.197165 
50,0,0.228692 
50,1,0.292116 
50,2,0.265076 
50,3,0.231098 
50,4,0.104587 
50,5,0.054274 
50,6,0.074587 
50,7,-0.079411 
50,8,-0.231640 
50,9,-0.203969 
50,10,-0.191376 
50,11,-0.201948 
50,12,-0.139875 
50,13,-0.080306 
50,14,-0.102067 
50,15,-0.073276 
50,16,-0.056578 
50,17,-0.238328 
50,18,-0.393736 
50,19,-0.346345 
50,20,-0.255686 
50,21,-0.373776 
50,22,-0.488550 
50,23,-0.555758 
50,24,-0.751517 
50,25,-0.731218 
50,26,-0.602455 
50,27,-0.624653 
50,28,-0.668579 
50,29,-0.599326 
50,30,-0.470090 
50,31,-0.378063 
50,32,-0.239285 
50,33,0.019666 
50,34,0.184446 
50,35,0.120087 
50,36,0.154948 
50,37,0.329478 
50,38,0.497882 
50,39,0.402870 
50,40,0.222631 
50,41,0.250871 
50,42,0.146055 
50,43,0.018262 
50,44,-0.127939 
50,45,-0.222788 
50,46,-0.302311 
50,47,-0.490423 
50,48,-0.680057 
50,49,-0.805932 
50,50,-0.815086 
50,51,-0.819058 
50,52,-0.851257 
50,53,-0.732302 
50,54,-0.636503 
50,55,-0.534750 
50,56,-0.393853 
50,57,-0.365348 
50,58,-0.341277 
50,59,-0.271719 
50,60,-0.142287 
50,61,-0.050788 
50,62,0.066666 
50,63,0.322414 
51,0,0.382446 
51,1,0.360223 
51,2,0.287147 
51,3,0.277496 
51,4,0.179399 
51,5,0.124267 
51,6,0.072157 
51,7,0.026361 
51,8,-0.013929 
51,9,-0.054809 
51,10,-0.121919 
51,11,-0.178658 
51,12,-0.054517 
51,13,0.069477 
51,14,0.023944 
51,15,-0.090049 
51,16,-0.062776 
51,17,-0.157480 
51,18,-0.364538 
51,19,-0.432715 
51,20,-0.362065 
51,21,-0.372779 
51,22,-0.424539 
51,23,-0.504768 
51,24,-0.796807 
51,25,-0.869442 
51,26,-0.775749 
51,27,-0.774011 
51,28,-0.845341 
51,29,-0.907239 
51,30,-0.731209 
51,31,-0.511471 
51,32,-0.323328 
51,33,-0.106964 
51,34,-0.014643 
51,35,0.023194 
51,36,0.043801 
51,37,0.089647 
51,38,0.258235 
51,39,0.234450 
51,40,0.121945 
51,41,0.131810 
51,42,-0.062299 
51,43,-0.284493 
51,44,-0.388763 
51,45,-0.455304 
51,46,-0.489760 
51,47,-0.583819 
51,48,-0.777037 
51,49,-0.890007 
51,50,-0.934048 
51,51,-0.896063 
51,52,-0.790359 
51,53,-0.711947 
51,54,-0.662112 
51,55,-0.548628 
51,56,-0.444058 
51,57,-0.355717 
51,58,-0.204290 
51,59,-0.065354 
51,60,0.084025 
51,61,0.244602 
51,62,0.385540 
51,63,0.427925 
52,0,0.498639 
52,1,0.385483 
52,2,0.271134 
52,3,0.272742 
52,4,0.155457 
52,5,0.067509 
52,6,0.014110 
52,7,0.102080 
52,8,0.138304 
52,9,0.029023 
52,10,0.014096 
52,11,0.010479 
52,12,0.085565 
52,13,0.183822 
52,14,0.217240 
52,15,0.065719 
52,16,0.023752 
52,17,-0.043210 
52,18,-0.160575 
52,19,-0.203219 
52,20,-0.260074 
52,21,-0.313637 
52,22,-0.402404 
52,23,-0.565096 
52,24,-0.852858 
52,25,-0.903351 
52,26,-0.866275 
52,27,-0.883677 
52,28,-0.858359 
52,29,-0.933377 
52,30,-0.868140 
52,31,-0.677432 
52,32,-0.400393 
52,33,-0.196129 
52,34,-0.221137 
52,35,-0.115410 
52,36,-0.030912 
52,37,-0.039234 
52,38,0.048015 
52,39,0.018121 
52,40,-0.066770 
52,41,-0.100646 
52,42,-0.264469 
52,43,-0.464551 
52,44,-0.614300 
52,45,-0.744658 
52,46,-0.820565 
52,47,-0.908667 
52,48,-1.008217 
52,49,-1.020218 
52,50,-1.020641 
52,51,-0.860060 
52,52,-0.694770 
52,53,-0.732743 
52,54,-0.782702 
52,55,-0.697423 
52,56,-0.654060 
52,57,-0.534286 
52,58,-0.279469 
52,59,-0.121065 
52,60,0.083763 
52,61,0.367293 
52,62,0.504488 
52,63,0.499084 
53,0,0.441390 
53,1,0.309889 
53,2,0.284870 
53,3,0.258845 
53,4,0.083039 
53,5,0.001583 
53,6,0.051272 
53,7,0.182453 
53,8,0.235347 
53,9,0.140107 
53,10,0.147982 
53,11,0.212185 
53,12,0.264950 
53,13,0.295293 
53,14,0.238701 
53,15,0.148456 
53,16,0.106100 
53,17,0.021425 
53,18,-0.006044 
53,19,0.006658 
53,20,-0.123160 
53,21,-0.298358 
53,22,-0.488967 
53,23,-0.709804 
53,24,-0.857827 
53,25,-0.878373 
53,26,-0.868576 
53,27,-0.863104 
53,28,-0.817649 
53,29,-0.791558 
53,30,-0.810481 
53,31,-0.738935 
53,32,-0.451101 
53,33,-0.186127 
53,34,-0.193208 
53,35,-0.170279 
53,36,-0.182773 
53,37,-0.203379 
53,38,-0.107791 
53,39,-0.105109 
53,40,-0.131749 
53,41,-0.253884 
53,42,-0.437302 
53,43,-0.579551 
53,44,-0.772381 
53,45,-0.897869 
53,46,-0.979528 
53,47,-1.066387 
53,48,-1.089981 
53,49,-1.046168 
53,50,-1.049402 
53,51,-0.971887 
53,52,-0.744031 
53,53,-0.676624 
53,54,-0.805897 
53,55,-0.808289 
53,56,-0.749117 
53,57,-0.595834 
53,58,-0.357937 
53,59,-0.243591 
53,60,0.055908 
53,61,0.374488 
53,62,0.418621 
53,63,0.538439 
54,0,0.501138 
54,1,0.479689 
54,2,0.429832 
54,3,0.272613 
54,4,0.147467 
54,5,0.172924 
54,6,0.218571 
54,7,0.290165 
54,8,0.370613 
54,9,0.302734 
54,10,0.251157 
54,11,0.295352 
54,12,0.332652 
54,13,0.313901 
54,14,0.143610 
54,15,0.081248 
54,16,0.075182 
54,17,0.000229 
54,18,-0.016942 
54,19,-0.008622 
54,20,-0.052695 
54,21,-0.170541 
54,22,-0.342133 
54,23,-0.517308 
54,24,-0.619916 
54,25,-0.728947 
54,26,-0.717286 
54,27,-0.645611 
54,28,-0.706250 
54,29,-0.695978 
54,30,-0.665187 
54,31,-0.618552 
54,32,-0.492354 
54,33,-0.301387 
54,34,-0.244771 
54,35,-0.278965 
54,36,-0.330075 
54,37,-0.288082 
54,38,-0.202024 
54,39,-0.194643 
54,40,-0.162007 
54,41,-0.366210 
54,42,-0.566923 
54,43,-0.620723 
54,44,-0.787774 
54,45,-0.863309 
54,46,-0.902431 
54,47,-0.925356 
54,48,-0.924506 
54,49,-0.898476 
54,50,-0.877776 
54,51,-0.860725 
54,52,-0.704456 
54,53,-0.659993 
54,54,-0.724637 
54,55,-0.679216 
54,56,-0.689638 
54,57,-0.596193 
54,58,-0.305473 
54,59,-0.160977 
54,60,0.045448 
54,61,0.212275 
54,62,0.238172 
54,63,0.550333 
55,0,0.638214 
55,1,0.745064 
55,2,0.582282 
55,3,0.410672 
55,4,0.372810 
55,5,0.333747 
55,6,0.343140 
55,7,0.431286 
55,8,0.524083 
55,9,0.519821 
55,10,0.386242 
55,11,0.272649 
55,12,0.354162 
55,13,0.391093 
55,14,0.250386 
55,15,0.123777 
55,16,0.032077 
55,17,-0.020977 
55,18,0.024429 
55,19,0.043315 
55,20,0.051078 
55,21,0.077061 
55,22,-0.097192 
55,23,-0.251612 
55,24,-0.387941 
55,25,-0.568921 
55,26,-0.604146 
55,27,-0.539121 
55,28,-0.546877 
55,29,-0.519918 
55,30,-0.442538 
55,31,-0.423306 
55,32,-0.364639 
55,33,-0.282471 
55,34,-0.269319 
55,35,-0.347160 
55,36,-0.447006 
55,37,-0.382180 
55,38,-0.260642 
55,39,-0.257647 
55,40,-0.350152 
55,41,-0.510021 
55,42,-0.559035 
55,43,-0.540014 
55,44,-0.653724 
55,45,-0.732292 
55,46,-0.835312 
55,47,-0.843172 
55,48,-0.655812 
55,49,-0.564323 
55,50,-0.579338 
55,51,-0.545243 
55,52,-0.456114 
55,53,-0.431419 
55,54,-0.460509 
55,55,-0.473013 
55,56,-0.587774 
55,57,-0.566946 
55,58,-0.275929 
55,59,-0.116546 
55,60,0.009478 
55,61,0.122076 
55,62,0.147294 
55,63,0.638079 
56,0,0.647606 
56,1,0.715718 
56,2,0.608556 
56,3,0.562994 
56,4,0.590313 
56,5,0.458764 
56,6,0.428695 
56,7,0.539001 
56,8,0.555490 
56,9,0.513082 
56,10,0.487097 
56,11,0.430757 
56,12,0.487778 
56,13,0.518049 
56,14,0.491654 
56,15,0.370720 
56,16,0.228185 
56,17,0.227024 
56,18,0.290386 
56,19,0.265648 
56,20,0.189433 
56,21,0.227257 
56,22,0.088314 
56,23,-0.005737 
56,24,-0.153110 
56,25,-0.401742 
56,26,-0.575353 
56,27,-0.583961 
56,28,-0.512467 
56,29,-0.435139 
56,30,-0.347616 
56,31,-0.378962 
56,32,-0.282882 
56,33,-0.237481 
56,34,-0.225842 
56,35,-0.290661 
56,36,-0.501936 
56,37,-0.499590 
56,38,-0.417323 
56,39,-0.475895 
56,40,-0.622331 
56,41,-0.653715 
56,42,-0.639280 
56,43,-0.659968 
56,44,-0.707239 
56,45,-0.759710 
56,46,-0.805750 
56,47,-0.706483 
56,48,-0.459290 
56,49,-0.383190 
56,50,-0.379721 
56,51,-0.289229 
56,52,-0.218449 
56,53,-0.184256 
56,54,-0.264141 
56,55,-0.392221 
56,56,-0.487993 
56,57,-0.423774 
56,58,-0.194432 
56,59,-0.092933 
56,60,-0.016542 
56,61,0.080105 
56,62,0.148938 
56,63,0.586800 
57,0,0.597336 
57,1,0.618507 
57,2,0.512586 
57,3,0.488305 
57,4,0.544410 
57,5,0.543649 
57,6,0.581437 
57,7,0.654494 
57,8,0.584578 
57,9,0.491623 
57,10,0.437918 
57,11,0.421122 
57,12,0.508744 
57,13,0.579293 
57,14,0.571987 
57,15,0.497982 
57,16,0.490949 
57,17,0.474234 
57,18,0.438501 
57,19,0.400377 
57,20,0.335748 
57,21,0.351603 
57,22,0.295201 
57,23,0.213607 
57,24,-0.019664 
57,25,-0.324846 
57,26,-0.476717 
57,27,-0.565545 
57,28,-0.606328 
57,29,-0.515502 
57,30,-0.351448 
57,31,-0.343379 
57,32,-0.311149 
57,33,-0.300205 
57,34,-0.210054 
57,35,-0.266687 
57,36,-0.574063 
57,37,-0.627741 
57,38,-0.623014 
57,39,-0.755398 
57,40,-0.818040 
57,41,-0.752615 
57,42,-0.795003 
57,43,-0.781913 
57,44,-0.735844 
57,45,-0.737768 
57,46,-0.727485 
57,47,-0.614812 
57,48,-0.421454 
57,49,-0.287195 
57,50,-0.200020 
57,51,-0.098277 
57,52,-0.057588 
57,53,-0.112250 
57,54,-0.263930 
57,55,-0.433911 
57,56,-0.437760 
57,57,-0.327310 
57,58,-0.044994 
57,59,0.093805 
57,60,0.098061 
57,61,0.125108 
57,62,0.178110 
57,63,0.409861 
58,0,0.433061 
58,1,0.420057 
58,2,0.369983 
58,3,0.449648 
58,4,0.400562 
58,5,0.405109 
58,6,0.531917 
58,7,0.589668 
58,8,0.553660 
58,9,0.531152 
58,10,0.385361 
58,11,0.321112 
58,12,0.378630 
58,13,0.417355 
58,14,0.464079 
58,15,0.519625 
58,16,0.639862 
58,17,0.571747 
58,18,0.487661 
58,19,0.474631 
58,20,0.390382 
58,21,0.371544 
58,22,0.327545 
58,23,0.181978 
58,24,-0.086263 
58,25,-0.362508 
58,26,-0.453277 
58,27,-0.603573 
58,28,-0.619930 
58,29,-0.406111 
58,30,-0.263663 
58,31,-0.283776 
58,32,-0.211711 
58,33,-0.137132 
58,34,-0.127090 
58,35,-0.336399 
58,36,-0.691278 
58,37,-0.747625 
58,38,-0.746769 
58,39,-0.896180 
58,40,-0.993400 
58,41,-0.950613 
58,42,-0.911117 
58,43,-0.721859 
58,44,-0.636663 
58,45,-0.638790 
58,46,-0.586865 
58,47,-0.481495 
58,48,-0.337979 
58,49,-0.174726 
58,50,-0.085163 
58,51,-0.009706 
58,52,0.057806 
58,53,-0.017292 
58,54,-0.182715 
58,55,-0.343948 
58,56,-0.297446 
58,57,-0.196549 
58,58,0.056839 
58,59,0.161021 
58,60,0.178538 
58,61,0.211708 
58,62,0.199244 
58,63,0.226864 
59,0,0.199883 
59,1,0.157391 
59,2,0.145316 
59,3,0.243826 
59,4,0.177324 
59,5,0.196531 
59,6,0.315134 
59,7,0.428806 
59,8,0.494071 
59,9,0.521183 
59,10,0.486323 
59,11,0.369742 
59,12,0.241900 
59,13,0.176302 
59,14,0.233427 
59,15,0.398109 
59,16,0.610734 
59,17,0.619928 
59,18,0.514473 
59,19,0.431758 
59,20,0.336729 
59,21,0.263038 
59,22,0.212606 
59,23,0.044862 
59,24,-0.166991 
59,25,-0.366669 
59,26,-0.512631 
59,27,-0.533725 
59,28,-0.422194 
59,29,-0.225137 
59,30,-0.154055 
59,31,-0.176937 
59,32,-0.028866 
59,33,0.074820 
59,34,-0.052202 
59,35,-0.381425 
59,36,-0.647123 
59,37,-0.722463 
59,38,-0.771083 
59,39,-0.878048 
59,40,-1.015195 
59,41,-1.044244 
59,42,-0.878623 
59,43,-0.625850 
59,44,-0.548334 
59,45,-0.467652 
59,46,-0.318233 
59,47,-0.204023 
59,48,-0.218275 
59,49,-0.176304 
59,50,-0.054838 
59,51,0.053713 
59,52,0.091481 
59,53,0.027729 
59,54,-0.133198 
59,55,-0.251178 
59,56,-0.150515 
59,57,-0.035768 
59,58,0.080350 
59,59,0.149193 
59,60,0.213519 
59,61,0.195659 
59,62,0.214988 
59,63,0.228903 
60,0,0.146518 
60,1,0.052784 
60,2,0.058765 
60,3,0.142563 
60,4,0.069791 
60,5,0.104963 
60,6,0.210923 
60,7,0.386901 
60,8,0.507611 
60,9,0.554132 
60,10,0.605747 
60,11,0.400896 
60,12,0.228820 
60,13,0.182400 
60,14,0.118434 
60,15,0.253008 
60,16,0.472097 
60,17,0.497908 
60,18,0.386345 
60,19,0.264237 
60,20,0.234940 
60,21,0.169360 
60,22,0.196235 
60,23,0.090551 
60,24,-0.119371 
60,25,-0.297528 
60,26,-0.443136 
60,27,-0.292301 
60,28,-0.192821 
60,29,-0.137675 
60,30,-0.066361 
60,31,-0.038764 
60,32,0.070180 
60,33,0.093438 
60,34,0.017991 
60,35,-0.230139 
60,36,-0.486091 
60,37,-0.660821 
60,38,-0.783606 
60,39,-0.877793 
60,40,-0.927792 
60,41,-0.906953 
60,42,-0.743696 
60,43,-0.555068 
60,44,-0.490323 
60,45,-0.334202 
60,46,-0.168457 
60,47,-0.124356 
60,48,-0.151456 
60,49,-0.071661 
60,50,-0.040810 
60,51,-0.040405 
60,52,0.047932 
60,53,0.101574 
60,54,-0.008513 
60,55,-0.062213 
60,56,-0.036334 
60,57,-0.057975 
60,58,-0.055278 
60,59,0.035352 
60,60,0.134233 
60,61,0.067721 
60,62,0.098424 
60,63,0.131401 
61,0,0.034335 
61,1,-0.073045 
61,2,0.068294 
61,3,0.215926 
61,4,0.110048 
61,5,0.059982 
61,6,0.139234 
61,7,0.382474 
61,8,0.529707 
61,9,0.580772 
61,10,0.604067 
61,11,0.455184 
61,12,0.342107 
61,13,0.250474 
61,14,0.122339 
61,15,0.164961 
61,16,0.340979 
61,17,0.342329 
61,18,0.252049 
61,19,0.209653 
61,20,0.180948 
61,21,0.102663 
61,22,0.165040 
61,23,0.151646 
61,24,-0.034758 
61,25,-0.192183 
61,26,-0.277847 
61,27,-0.123290 
61,28,-0.015068 
61,29,-0.003646 
61,30,0.075275 
61,31,0.139301 
61,32,0.146657 
61,33,0.128360 
61,34,0.099412 
61,35,-0.129111 
61,36,-0.432654 
61,37,-0.627775 
61,38,-0.821904 
61,39,-0.981196 
61,40,-0.956614 
61,41,-0.886819 
61,42,-0.739277 
61,43,-0.573010 
61,44,-0.469526 
61,45,-0.340143 
61,46,-0.173778 
61,47,-0.115732 
61,48,-0.094662 
61,49,-0.013240 
61,50,-0.129636 
61,51,-0.114061 
61,52,0.037019 
61,53,0.105904 
61,54,0.174253 
61,55,0.205150 
61,56,0.136451 
61,57,0.038030 
61,58,-0.070303 
61,59,-0.053032 
61,60,-0.045784 
61,61,-0.137871 
61,62,-0.017864 
61,63,-0.043796 
62,0,-0.032710 
62,1,-0.058157 
62,2,-0.003068 
62,3,-0.011454 
62,4,-0.034603 
62,5,-0.028632 
62,6,0.013978 
62,7,0.282432 
62,8,0.428381 
62,9,0.461761 
62,10,0.485557 
62,11,0.444724 
62,12,0.388593 
62,13,0.261044 
62,14,0.157646 
62,15,0.153494 
62,16,0.265130 
62,17,0.245511 
62,18,0.122260 
62,19,0.110131 
62,20,0.193477 
62,21,0.206616 
62,22,0.228191 
62,23,0.226420 
62,24,0.071500 
62,25,-0.061255 
62,26,-0.169734 
62,27,-0.108660 
62,28,0.002069 
62,29,-0.016546 
62,30,0.091402 
62,31,0.222724 
62,32,0.210598 
62,33,0.244890 
62,34,0.155186 
62,35,-0.168989 
62,36,-0.420082 
62,37,-0.538581 
62,38,-0.682833 
62,39,-0.789796 
62,40,-0.833034 
62,41,-0.867171 
62,42,-0.693268 
62,43,-0.506766 
62,44,-0.300016 
62,45,-0.130021 
62,46,-0.042531 
62,47,-0.070043 
62,48,-0.152574 
62,49,-0.192656 
62,50,-0.288127 
62,51,-0.094180 
62,52,0.122532 
62,53,0.202448 
62,54,0.307867 
62,55,0.293226 
62,56,0.214751 
62,57,0.150200 
62,58,-0.008666 
62,59,-0.043708 
62,60,-0.049273 
62,61,-0.095534 
62,62,-0.010917 
62,63,-0.087279 
63,0,-0.054769 
63,1,0.026148 
63,2,-0.043121 
63,3,-0.245921 
63,4,-0.246651 
63,5,-0.162483 
63,6,-0.111208 
63,7,0.110063 
63,8,0.272755 
63,9,0.322380 
63,10,0.369353 
63,11,0.348768 
63,12,0.287659 
63,13,0.255422 
63,14,0.180471 
63,15,0.092039 
63,16,0.133125 
63,17,0.174586 
63,18,0.114685 
63,19,0.071763 
63,20,0.177083 
63,21,0.280602 
63,22,0.309230 
63,23,0.307277 
63,24,0.215325 
63,25,0.050690 
63,26,-0.101429 
63,27,-0.135526 
63,28,-0.139321 
63,29,-0.168066 
63,30,-0.118044 
63,31,0.064986 
63,32,0.171849 
63,33,0.202310 
63,34,0.116442 
63,35,-0.130502 
63,36,-0.249887 
63,37,-0.333840 
63,38,-0.501404 
63,39,-0.555908 
63,40,-0.672390 
63,41,-0.765654 
63,42,-0.562612 
63,43,-0.382495 
63,44,-0.127870 
63,45,0.116101 
63,46,0.129053 
63,47,-0.004706 
63,48,-0.201605 
63,49,-0.301672 
63,50,-0.302923 
63,51,-0.151553 
63,52,0.061897 
63,53,0.250776 
63,54,0.338817 
63,55,0.268596 
63,56,0.240185 
63,57,0.200748 
63,58,0.025477 
63,59,-0.078327 
63,60,-0.039589 
63,61,-0.043819 
63,62,-0.044013 
63,63,0.000000 
