100
1
0 99

31.0 31.0
81.0 31.0
131.0 31.0
181.0 31.0
231.0 31.0
281.0 31.0
331.0 31.0
381.0 31.0
431.0 31.0
481.0 31.0
31.0 81.0
81.0 81.0
131.0 81.0
181.0 81.0
231.0 81.0
281.0 81.0
331.0 81.0
381.0 81.0
431.0 81.0
481.0 81.0
31.0 131.0
81.0 131.0
131.0 131.0
181.0 131.0
231.0 131.0
281.0 131.0
331.0 131.0
381.0 131.0
431.0 131.0
481.0 131.0
31.0 181.0
81.0 181.0
131.0 181.0
181.0 181.0
231.0 181.0
281.0 181.0
331.0 181.0
381.0 181.0
431.0 181.0
481.0 181.0
31.0 231.0
81.0 231.0
131.0 231.0
181.0 231.0
231.0 231.0
281.0 231.0
331.0 231.0
381.0 231.0
431.0 231.0
481.0 231.0
31.0 281.0
81.0 281.0
131.0 281.0
181.0 281.0
231.0 281.0
281.0 281.0
331.0 281.0
381.0 281.0
431.0 281.0
481.0 281.0
31.0 331.0
81.0 331.0
131.0 331.0
181.0 331.0
231.0 331.0
281.0 331.0
331.0 331.0
381.0 331.0
431.0 331.0
481.0 331.0
31.0 381.0
81.0 381.0
131.0 381.0
181.0 381.0
231.0 381.0
281.0 381.0
331.0 381.0
381.0 381.0
431.0 381.0
481.0 381.0
31.0 431.0
81.0 431.0
131.0 431.0
181.0 431.0
231.0 431.0
281.0 431.0
331.0 431.0
381.0 431.0
431.0 431.0
481.0 431.0
31.0 481.0
81.0 481.0
131.0 481.0
181.0 481.0
231.0 481.0
281.0 481.0
331.0 481.0
381.0 481.0
431.0 481.0
481.0 481.0


0 11
0 1
0 10
1 12
1 10
1 2
1 0
1 11
2 13
2 11
2 3
2 1
2 12
3 14
3 12
3 4
3 2
3 13
4 15
4 13
4 5
4 3
4 14
5 16
5 14
5 6
5 4
5 15
6 17
6 15
6 7
6 5
6 16
7 18
7 16
7 8
7 6
7 17
8 19
8 17
8 9
8 7
8 18
9 18
9 8
9 19
10 21
10 1
10 11
10 20
10 0
11 22
11 0
11 20
11 2
11 12
11 10
11 21
11 1
12 23
12 1
12 21
12 3
12 13
12 11
12 22
12 2
13 24
13 2
13 22
13 4
13 14
13 12
13 23
13 3
14 25
14 3
14 23
14 5
14 15
14 13
14 24
14 4
15 26
15 4
15 24
15 6
15 16
15 14
15 25
15 5
16 27
16 5
16 25
16 7
16 17
16 15
16 26
16 6
17 28
17 6
17 26
17 8
17 18
17 16
17 27
17 7
18 29
18 7
18 27
18 9
18 19
18 17
18 28
18 8
19 8
19 28
19 18
19 29
19 9
20 31
20 11
20 21
20 30
20 10
21 32
21 10
21 30
21 12
21 22
21 20
21 31
21 11
22 33
22 11
22 31
22 13
22 23
22 21
22 32
22 12
23 34
23 12
23 32
23 14
23 24
23 22
23 33
23 13
24 35
24 13
24 33
24 15
24 25
24 23
24 34
24 14
25 36
25 14
25 34
25 16
25 26
25 24
25 35
25 15
26 37
26 15
26 35
26 17
26 27
26 25
26 36
26 16
27 38
27 16
27 36
27 18
27 28
27 26
27 37
27 17
28 39
28 17
28 37
28 19
28 29
28 27
28 38
28 18
29 18
29 38
29 28
29 39
29 19
30 41
30 21
30 31
30 40
30 20
31 42
31 20
31 40
31 22
31 32
31 30
31 41
31 21
32 43
32 21
32 41
32 23
32 33
32 31
32 42
32 22
33 44
33 22
33 42
33 24
33 34
33 32
33 43
33 23
34 45
34 23
34 43
34 25
34 35
34 33
34 44
34 24
35 46
35 24
35 44
35 26
35 36
35 34
35 45
35 25
36 47
36 25
36 45
36 27
36 37
36 35
36 46
36 26
37 48
37 26
37 46
37 28
37 38
37 36
37 47
37 27
38 49
38 27
38 47
38 29
38 39
38 37
38 48
38 28
39 28
39 48
39 38
39 49
39 29
40 51
40 31
40 41
40 50
40 30
41 52
41 30
41 50
41 32
41 42
41 40
41 51
41 31
42 53
42 31
42 51
42 33
42 43
42 41
42 52
42 32
43 54
43 32
43 52
43 34
43 44
43 42
43 53
43 33
44 55
44 33
44 53
44 35
44 45
44 43
44 54
44 34
45 56
45 34
45 54
45 36
45 46
45 44
45 55
45 35
46 57
46 35
46 55
46 37
46 47
46 45
46 56
46 36
47 58
47 36
47 56
47 38
47 48
47 46
47 57
47 37
48 59
48 37
48 57
48 39
48 49
48 47
48 58
48 38
49 38
49 58
49 48
49 59
49 39
50 61
50 41
50 51
50 60
50 40
51 62
51 40
51 60
51 42
51 52
51 50
51 61
51 41
52 63
52 41
52 61
52 43
52 53
52 51
52 62
52 42
53 64
53 42
53 62
53 44
53 54
53 52
53 63
53 43
54 65
54 43
54 63
54 45
54 55
54 53
54 64
54 44
55 66
55 44
55 64
55 46
55 56
55 54
55 65
55 45
56 67
56 45
56 65
56 47
56 57
56 55
56 66
56 46
57 68
57 46
57 66
57 48
57 58
57 56
57 67
57 47
58 69
58 47
58 67
58 49
58 59
58 57
58 68
58 48
59 48
59 68
59 58
59 69
59 49
60 71
60 51
60 61
60 70
60 50
61 72
61 50
61 70
61 52
61 62
61 60
61 71
61 51
62 73
62 51
62 71
62 53
62 63
62 61
62 72
62 52
63 74
63 52
63 72
63 54
63 64
63 62
63 73
63 53
64 75
64 53
64 73
64 55
64 65
64 63
64 74
64 54
65 76
65 54
65 74
65 56
65 66
65 64
65 75
65 55
66 77
66 55
66 75
66 57
66 67
66 65
66 76
66 56
67 78
67 56
67 76
67 58
67 68
67 66
67 77
67 57
68 79
68 57
68 77
68 59
68 69
68 67
68 78
68 58
69 58
69 78
69 68
69 79
69 59
70 81
70 61
70 71
70 80
70 60
71 82
71 60
71 80
71 62
71 72
71 70
71 81
71 61
72 83
72 61
72 81
72 63
72 73
72 71
72 82
72 62
73 84
73 62
73 82
73 64
73 74
73 72
73 83
73 63
74 85
74 63
74 83
74 65
74 75
74 73
74 84
74 64
75 86
75 64
75 84
75 66
75 76
75 74
75 85
75 65
76 87
76 65
76 85
76 67
76 77
76 75
76 86
76 66
77 88
77 66
77 86
77 68
77 78
77 76
77 87
77 67
78 89
78 67
78 87
78 69
78 79
78 77
78 88
78 68
79 68
79 88
79 78
79 89
79 69
80 91
80 71
80 81
80 90
80 70
81 92
81 70
81 90
81 72
81 82
81 80
81 91
81 71
82 93
82 71
82 91
82 73
82 83
82 81
82 92
82 72
83 94
83 72
83 92
83 74
83 84
83 82
83 93
83 73
84 95
84 73
84 93
84 75
84 85
84 83
84 94
84 74
85 96
85 74
85 94
85 76
85 86
85 84
85 95
85 75
86 97
86 75
86 95
86 77
86 87
86 85
86 96
86 76
87 98
87 76
87 96
87 78
87 88
87 86
87 97
87 77
88 99
88 77
88 97
88 79
88 89
88 87
88 98
88 78
89 78
89 98
89 88
89 99
89 79
90 81
90 91
90 80
91 80
91 82
91 92
91 90
91 81
92 81
92 83
92 93
92 91
92 82
93 82
93 84
93 94
93 92
93 83
94 83
94 85
94 95
94 93
94 84
95 84
95 86
95 96
95 94
95 85
96 85
96 87
96 97
96 95
96 86
97 86
97 88
97 98
97 96
97 87
98 87
98 89
98 99
98 97
98 88
99 88
99 98
99 89
